
krnls[0][0].thr=0.3;
krnls[0][0].maxPool=2;
krnls[0][0][0][0][0]=4.;
krnls[0][0][0][0][1]=4.;
krnls[0][0][0][1][0]=-4.;
krnls[0][0][0][1][1]=-4.;

krnls[0][1].thr=0.3;
krnls[0][1].maxPool=2;
krnls[0][1][0][0][0]=-4.;
krnls[0][1][0][0][1]=-4.;
krnls[0][1][0][1][0]=4.;
krnls[0][1][0][1][1]=4.;

krnls[0][2].thr=0.3;
krnls[0][2].maxPool=2;
krnls[0][2][0][0][0]=-4.;
krnls[0][2][0][0][1]=4.;
krnls[0][2][0][1][0]=-4.;
krnls[0][2][0][1][1]=4.;

krnls[0][3].thr=0.3;
krnls[0][3].maxPool=2;
krnls[0][3][0][0][0]=4.;
krnls[0][3][0][0][1]=-4.;
krnls[0][3][0][1][0]=4.;
krnls[0][3][0][1][1]=-4.;

krnls[0][4].thr=0.3;
krnls[0][4].maxPool=2;
krnls[0][4][0][0][0]=7.2;
krnls[0][4][0][0][1]=0.;
krnls[0][4][0][1][0]=0.;
krnls[0][4][0][1][1]=-7.2;

krnls[0][5].thr=0.3;
krnls[0][5].maxPool=2;
krnls[0][5][0][0][0]=-7.2;
krnls[0][5][0][0][1]=0.;
krnls[0][5][0][1][0]=0.;
krnls[0][5][0][1][1]=7.2;

krnls[0][6].thr=0.3;
krnls[0][6].maxPool=2;
krnls[0][6][0][0][0]=0.;
krnls[0][6][0][0][1]=-7.2;
krnls[0][6][0][1][0]=7.2;
krnls[0][6][0][1][1]=0.;

krnls[0][7].thr=0.3;
krnls[0][7].maxPool=2;
krnls[0][7][0][0][0]=0.;
krnls[0][7][0][0][1]=7.2;
krnls[0][7][0][1][0]=-7.2;
krnls[0][7][0][1][1]=0.;

krnls[1][0].thr=5.1;
krnls[1][0].maxPool=0;
krnls[1][0][0][0][0]=0.;
krnls[1][0][0][0][1]=0.;
krnls[1][0][0][0][2]=0.;
krnls[1][0][0][0][3]=0.;
krnls[1][0][0][1][0]=0.;
krnls[1][0][0][1][1]=0.;
krnls[1][0][0][1][2]=0.;
krnls[1][0][0][1][3]=0.;
krnls[1][0][0][2][0]=-3.2;
krnls[1][0][0][2][1]=0.;
krnls[1][0][0][2][2]=0.;
krnls[1][0][0][2][3]=1.6;
krnls[1][0][0][3][0]=-3.2;
krnls[1][0][0][3][1]=-3.2;
krnls[1][0][0][3][2]=1.6;
krnls[1][0][0][3][3]=1.6;
krnls[1][0][1][0][0]=-1.6;
krnls[1][0][1][0][1]=0.;
krnls[1][0][1][0][2]=1.6;
krnls[1][0][1][0][3]=1.6;
krnls[1][0][1][1][0]=-1.6;
krnls[1][0][1][1][1]=0.;
krnls[1][0][1][1][2]=0.8;
krnls[1][0][1][1][3]=0.8;
krnls[1][0][1][2][0]=-1.6;
krnls[1][0][1][2][1]=-1.6;
krnls[1][0][1][2][2]=0.;
krnls[1][0][1][2][3]=-1.6;
krnls[1][0][1][3][0]=-1.6;
krnls[1][0][1][3][1]=-1.6;
krnls[1][0][1][3][2]=-1.6;
krnls[1][0][1][3][3]=-1.6;
krnls[1][0][2][0][0]=2.4;
krnls[1][0][2][0][1]=0.;
krnls[1][0][2][0][2]=0.;
krnls[1][0][2][0][3]=-3.2;
krnls[1][0][2][1][0]=2.4;
krnls[1][0][2][1][1]=0.;
krnls[1][0][2][1][2]=-3.2;
krnls[1][0][2][1][3]=-3.2;
krnls[1][0][2][2][0]=2.4;
krnls[1][0][2][2][1]=0.;
krnls[1][0][2][2][2]=-3.2;
krnls[1][0][2][2][3]=-0.8;
krnls[1][0][2][3][0]=2.4;
krnls[1][0][2][3][1]=0.;
krnls[1][0][2][3][2]=0.;
krnls[1][0][2][3][3]=-0.8;
krnls[1][0][3][0][0]=-1.6;
krnls[1][0][3][0][1]=0.;
krnls[1][0][3][0][2]=1.6;
krnls[1][0][3][0][3]=0.;
krnls[1][0][3][1][0]=-1.6;
krnls[1][0][3][1][1]=0.;
krnls[1][0][3][1][2]=0.;
krnls[1][0][3][1][3]=0.;
krnls[1][0][3][2][0]=-1.6;
krnls[1][0][3][2][1]=0.;
krnls[1][0][3][2][2]=0.;
krnls[1][0][3][2][3]=1.6;
krnls[1][0][3][3][0]=-1.6;
krnls[1][0][3][3][1]=0.;
krnls[1][0][3][3][2]=1.6;
krnls[1][0][3][3][3]=1.6;
krnls[1][0][4][0][0]=-3.2;
krnls[1][0][4][0][1]=0.;
krnls[1][0][4][0][2]=1.6;
krnls[1][0][4][0][3]=0.;
krnls[1][0][4][1][0]=-3.2;
krnls[1][0][4][1][1]=0.;
krnls[1][0][4][1][2]=0.;
krnls[1][0][4][1][3]=0.;
krnls[1][0][4][2][0]=-3.2;
krnls[1][0][4][2][1]=0.;
krnls[1][0][4][2][2]=0.;
krnls[1][0][4][2][3]=1.6;
krnls[1][0][4][3][0]=-3.2;
krnls[1][0][4][3][1]=0.;
krnls[1][0][4][3][2]=0.8;
krnls[1][0][4][3][3]=1.6;
krnls[1][0][5][0][0]=2.4;
krnls[1][0][5][0][1]=0.;
krnls[1][0][5][0][2]=1.6;
krnls[1][0][5][0][3]=0.8;
krnls[1][0][5][1][0]=2.4;
krnls[1][0][5][1][1]=0.;
krnls[1][0][5][1][2]=0.;
krnls[1][0][5][1][3]=0.8;
krnls[1][0][5][2][0]=2.4;
krnls[1][0][5][2][1]=0.;
krnls[1][0][5][2][2]=-1.6;
krnls[1][0][5][2][3]=-1.6;
krnls[1][0][5][3][0]=2.4;
krnls[1][0][5][3][1]=0.;
krnls[1][0][5][3][2]=-1.6;
krnls[1][0][5][3][3]=-1.6;
krnls[1][0][6][0][0]=-3.2;
krnls[1][0][6][0][1]=0.;
krnls[1][0][6][0][2]=1.6;
krnls[1][0][6][0][3]=1.6;
krnls[1][0][6][1][0]=-3.2;
krnls[1][0][6][1][1]=0.;
krnls[1][0][6][1][2]=0.8;
krnls[1][0][6][1][3]=0.8;
krnls[1][0][6][2][0]=-3.2;
krnls[1][0][6][2][1]=0.;
krnls[1][0][6][2][2]=0.;
krnls[1][0][6][2][3]=0.8;
krnls[1][0][6][3][0]=-3.2;
krnls[1][0][6][3][1]=0.;
krnls[1][0][6][3][2]=0.8;
krnls[1][0][6][3][3]=1.6;
krnls[1][0][7][0][0]=2.4;
krnls[1][0][7][0][1]=0.;
krnls[1][0][7][0][2]=-1.6;
krnls[1][0][7][0][3]=-1.6;
krnls[1][0][7][1][0]=2.4;
krnls[1][0][7][1][1]=0.;
krnls[1][0][7][1][2]=-0.8;
krnls[1][0][7][1][3]=-0.8;
krnls[1][0][7][2][0]=2.4;
krnls[1][0][7][2][1]=0.;
krnls[1][0][7][2][2]=-1.6;
krnls[1][0][7][2][3]=0.;
krnls[1][0][7][3][0]=2.4;
krnls[1][0][7][3][1]=0.;
krnls[1][0][7][3][2]=0.;
krnls[1][0][7][3][3]=0.;

krnls[1][0].thr=5.7;
krnls[1][0].maxPool=0;
krnls[1][1][0][0][0]=-3.2;
krnls[1][1][0][0][1]=-3.2;
krnls[1][1][0][0][2]=-3.2;
krnls[1][1][0][0][3]=-3.2;
krnls[1][1][0][1][0]=0.;
krnls[1][1][0][1][1]=0.;
krnls[1][1][0][1][2]=0.;
krnls[1][1][0][1][3]=0.;
krnls[1][1][0][2][0]=0.;
krnls[1][1][0][2][1]=0.;
krnls[1][1][0][2][2]=0.;
krnls[1][1][0][2][3]=0.;
krnls[1][1][0][3][0]=0.;
krnls[1][1][0][3][1]=0.;
krnls[1][1][0][3][2]=0.;
krnls[1][1][0][3][3]=0.;
krnls[1][1][1][0][0]=-3.2;
krnls[1][1][1][0][1]=-3.2;
krnls[1][1][1][0][2]=0.;
krnls[1][1][1][0][3]=0.;
krnls[1][1][1][1][0]=0.;
krnls[1][1][1][1][1]=0.;
krnls[1][1][1][1][2]=0.;
krnls[1][1][1][1][3]=0.;
krnls[1][1][1][2][0]=-6.4;
krnls[1][1][1][2][1]=-6.4;
krnls[1][1][1][2][2]=0.;
krnls[1][1][1][2][3]=0.;
krnls[1][1][1][3][0]=-6.4;
krnls[1][1][1][3][1]=-6.4;
krnls[1][1][1][3][2]=-3.2;
krnls[1][1][1][3][3]=0.;
krnls[1][1][2][0][0]=0.;
krnls[1][1][2][0][1]=0.;
krnls[1][1][2][0][2]=0.;
krnls[1][1][2][0][3]=0.;
krnls[1][1][2][1][0]=0.;
krnls[1][1][2][1][1]=0.;
krnls[1][1][2][1][2]=0.;
krnls[1][1][2][1][3]=0.;
krnls[1][1][2][2][0]=0.;
krnls[1][1][2][2][1]=1.6;
krnls[1][1][2][2][2]=0.;
krnls[1][1][2][2][3]=0.;
krnls[1][1][2][3][0]=0.;
krnls[1][1][2][3][1]=1.6;
krnls[1][1][2][3][2]=1.6;
krnls[1][1][2][3][3]=0.;
krnls[1][1][3][0][0]=0.;
krnls[1][1][3][0][1]=0.96;
krnls[1][1][3][0][2]=0.96;
krnls[1][1][3][0][3]=0.;
krnls[1][1][3][1][0]=0.;
krnls[1][1][3][1][1]=0.;
krnls[1][1][3][1][2]=0.96;
krnls[1][1][3][1][3]=0.96;
krnls[1][1][3][2][0]=1.6;
krnls[1][1][3][2][1]=0.;
krnls[1][1][3][2][2]=0.;
krnls[1][1][3][2][3]=0.96;
krnls[1][1][3][3][0]=1.6;
krnls[1][1][3][3][1]=0.;
krnls[1][1][3][3][2]=0.;
krnls[1][1][3][3][3]=0.;
krnls[1][1][4][0][0]=0.;
krnls[1][1][4][0][1]=0.;
krnls[1][1][4][0][2]=0.;
krnls[1][1][4][0][3]=0.;
krnls[1][1][4][1][0]=0.;
krnls[1][1][4][1][1]=0.;
krnls[1][1][4][1][2]=0.;
krnls[1][1][4][1][3]=0.;
krnls[1][1][4][2][0]=8.;
krnls[1][1][4][2][1]=0.;
krnls[1][1][4][2][2]=0.;
krnls[1][1][4][2][3]=0.;
krnls[1][1][4][3][0]=8.;
krnls[1][1][4][3][1]=0.;
krnls[1][1][4][3][2]=0.;
krnls[1][1][4][3][3]=0.;
krnls[1][1][5][0][0]=-19.2;
krnls[1][1][5][0][1]=-1.6;
krnls[1][1][5][0][2]=-1.6;
krnls[1][1][5][0][3]=-1.6;
krnls[1][1][5][1][0]=-1.6;
krnls[1][1][5][1][1]=-1.6;
krnls[1][1][5][1][2]=-1.6;
krnls[1][1][5][1][3]=-1.6;
krnls[1][1][5][2][0]=-1.6;
krnls[1][1][5][2][1]=-1.6;
krnls[1][1][5][2][2]=-1.6;
krnls[1][1][5][2][3]=-1.6;
krnls[1][1][5][3][0]=-1.6;
krnls[1][1][5][3][1]=-1.6;
krnls[1][1][5][3][2]=-1.6;
krnls[1][1][5][3][3]=-1.6;
krnls[1][1][6][0][0]=-12.8;
krnls[1][1][6][0][1]=3.2;
krnls[1][1][6][0][2]=3.2;
krnls[1][1][6][0][3]=0.;
krnls[1][1][6][1][0]=0.;
krnls[1][1][6][1][1]=0.;
krnls[1][1][6][1][2]=3.2;
krnls[1][1][6][1][3]=3.2;
krnls[1][1][6][2][0]=0.;
krnls[1][1][6][2][1]=0.;
krnls[1][1][6][2][2]=0.;
krnls[1][1][6][2][3]=3.2;
krnls[1][1][6][3][0]=0.;
krnls[1][1][6][3][1]=-9.6;
krnls[1][1][6][3][2]=0.;
krnls[1][1][6][3][3]=0.;
krnls[1][1][7][0][0]=0.;
krnls[1][1][7][0][1]=-1.6;
krnls[1][1][7][0][2]=-1.6;
krnls[1][1][7][0][3]=-1.6;
krnls[1][1][7][1][0]=0.;
krnls[1][1][7][1][1]=0.;
krnls[1][1][7][1][2]=-1.6;
krnls[1][1][7][1][3]=-1.6;
krnls[1][1][7][2][0]=0.;
krnls[1][1][7][2][1]=6.4;
krnls[1][1][7][2][2]=0.;
krnls[1][1][7][2][3]=-1.6;
krnls[1][1][7][3][0]=0.;
krnls[1][1][7][3][1]=6.4;
krnls[1][1][7][3][2]=6.4;
krnls[1][1][7][3][3]=0.;















































































