1.
1.
1.
1.
1.
1.
1.
1.
-1
1.
1.
0.9752450980392157
0.7129901960784314
0.8899509803921568
1.
1.
1.
-1
1.
0.990686274509804
0.3963235294117647
0.12230392156862739
0.3904411764705882
0.9985294117647059
1.
1.
-1
1.
0.7198529411764706
0.2558823529411765
0.47916666666666674
0.0980392156862745
0.7436274509803922
1.
1.
-1
1.
0.40147058823529413
0.6553921568627452
0.5428921568627451
0.30220588235294116
0.2017156862745098
0.8990196078431374
1.
-1
1.
0.3384803921568627
0.7193627450980392
0.4946078431372549
0.5742647058823529
0.5392156862745098
0.5887254901960783
1.
-1
1.
0.6348039215686273
0.19313725490196076
0.1678921568627451
0.7860294117647059
0.9965686274509804
0.9943627450980392
1.
-1
1.
0.9948529411764706
0.8223039215686275
0.8428921568627452
0.9982843137254902
1.
1.
1.
-1
-2
1.
0.9946078431372549
0.9274509803921569
1.
1.
1.
1.
1.
-1
1.
0.9306372549019608
0.2105392156862745
0.9696078431372549
1.
1.
1.
1.
-1
1.
0.9946078431372549
0.2718137254901961
0.774264705882353
1.
1.
1.
1.
-1
1.
1.
0.5492647058823529
0.35367647058823537
0.48308823529411765
0.8622549019607844
1.
1.
-1
1.
1.
0.6468137254901961
0.1416666666666667
0.43480392156862735
0.32009803921568625
0.991421568627451
1.
-1
1.
1.
0.716421568627451
0.14730392156862746
0.8943627450980393
0.13799019607843138
0.9176470588235294
1.
-1
1.
1.
0.9154411764705883
0.10220588235294116
0.15441176470588233
0.47279411764705864
0.995343137254902
1.
-1
1.
1.
0.9992647058823529
0.6264705882352941
0.8767156862745098
0.996078431372549
1.
1.
-1
-2
1.
0.995343137254902
0.9654411764705882
0.9708333333333333
1.
1.
1.
1.
-1
1.
0.5200980392156862
0.23627450980392162
0.25220588235294117
0.971078431372549
1.
1.
1.
-1
0.9874999999999999
0.19926470588235295
0.8122549019607844
0.10024509803921566
0.44828431372549016
0.9816176470588236
1.
1.
-1
0.9615196078431373
0.1497549019607843
0.5973039215686275
0.21421568627450985
0.33406862745098026
0.4573529411764707
1.
1.
-1
0.9980392156862745
0.5419117647058822
0.34068627450980377
0.7698529411764705
0.9848039215686275
0.9308823529411765
1.
1.
-1
1.
1.
1.
1.
1.
1.
1.
1.
-1
1.
1.
1.
1.
1.
1.
1.
1.
-1
1.
1.
1.
1.
1.
1.
1.
1.
-1
-2
1.
1.
0.982107843137255
0.9973039215686275
1.
1.
1.
1.
-1
1.
1.
0.39534313725490194
0.8007352941176471
1.
1.
1.
1.
-1
1.
1.
0.3752450980392157
0.7110294117647058
1.
1.
1.
1.
-1
1.
1.
0.44852941176470584
0.5720588235294116
0.7887254901960784
0.9973039215686275
1.
1.
-1
1.
1.
0.48186274509803917
0.10686274509803921
0.1794117647058824
0.7056372549019607
1.
1.
-1
1.
1.
0.5465686274509803
0.28799019607843135
0.4269607843137254
0.5213235294117646
1.
1.
-1
1.
1.
0.5399509803921569
0.12205882352941172
0.35269607843137246
0.9159313725490197
1.
1.
-1
1.
1.
0.6838235294117647
0.5698529411764705
0.9990196078431373
1.
1.
1.
-1
-2
1.
1.
1.
1.
0.8833333333333333
0.928186274509804
1.
1.
-1
1.
1.
1.
0.8502450980392158
0.17205882352941174
0.3676470588235294
0.9551470588235293
1.
-1
1.
1.
1.
0.5056372549019608
0.5306372549019607
0.17500000000000002
0.5872549019607843
1.
-1
1.
1.
1.
0.38259803921568625
0.4465686274509804
0.17671568627450984
0.17769607843137256
0.8066176470588236
-1
1.
1.
1.
0.6862745098039215
0.24338235294117658
0.7720588235294117
0.6252450980392157
0.7431372549019607
-1
1.
1.
1.
1.
0.9958333333333333
1.
1.
1.
-1
1.
1.
1.
1.
1.
1.
1.
1.
-1
1.
1.
1.
1.
1.
1.
1.
1.
-1
-2
1.
0.9921568627450981
0.9303921568627451
1.
1.
1.
1.
1.
-1
1.
0.8568627450980392
0.29411764705882354
1.
1.
1.
1.
1.
-1
1.
0.8848039215686274
0.21176470588235294
0.6014705882352942
0.7901960784313725
0.9992647058823529
1.
1.
-1
1.
0.9308823529411764
0.0963235294117647
0.2953431372549019
0.18750000000000003
0.7017156862745099
0.9997549019607843
1.
-1
1.
0.9575980392156863
0.1174019607843137
0.709313725490196
0.8129901960784315
0.17916666666666664
0.8188725490196078
1.
-1
1.
0.9882352941176471
0.16887254901960785
0.728921568627451
1.
0.595343137254902
0.40931372549019607
1.
-1
1.
0.9968137254901961
0.24656862745098046
0.19093137254901962
0.25049019607843137
0.17058823529411762
0.5821078431372549
1.
-1
1.
1.
0.9382352941176471
0.8507352941176471
0.8411764705882354
0.9259803921568628
0.9965686274509804
1.
-1
-2
1.
1.
1.
1.
1.
1.
1.
1.
-1
1.
0.9948529411764706
0.6656862745098039
0.8825980392156862
1.
1.
1.
1.
-1
1.
0.7041666666666666
0.15147058823529413
0.18995098039215685
0.9595588235294117
1.
1.
1.
-1
0.9950980392156863
0.2852941176470588
0.4105392156862745
0.09632352941176467
0.5590686274509804
1.
1.
1.
-1
0.9522058823529412
0.15318627450980393
0.3264705882352941
0.5232843137254902
0.17941176470588238
0.9193627450980393
1.
1.
-1
0.9811274509803922
0.22990196078431374
0.14387254901960778
0.9316176470588236
0.4811274509803921
0.5166666666666666
1.
1.
-1
1.
0.8615196078431373
0.708578431372549
0.9995098039215686
0.9681372549019608
0.9102941176470589
1.
1.
-1
1.
1.
1.
1.
1.
1.
1.
1.
-1
-2
1.
1.
1.
1.
1.
1.
1.
1.
-1
0.8875000000000001
0.5348039215686275
1.
1.
1.
1.
1.
1.
-1
0.7870098039215686
0.2759803921568627
1.
1.
1.
1.
1.
1.
-1
0.7022058823529411
0.3176470588235294
0.9870098039215687
1.
1.
1.
1.
1.
-1
0.7426470588235294
0.1308823529411765
0.19558823529411762
0.5730392156862745
0.9977941176470588
1.
1.
1.
-1
0.7073529411764706
0.14779411764705883
0.8095588235294118
0.1791666666666667
0.8855392156862746
1.
1.
1.
-1
0.6088235294117648
0.10073529411764702
0.20759803921568626
0.13848039215686275
0.831372549019608
1.
1.
1.
-1
0.8607843137254902
0.7698529411764706
0.8634803921568628
0.8318627450980394
0.9973039215686275
1.
1.
1.
-1
-2
1.
1.
1.
1.
1.
1.
1.
1.
-1
1.
0.9941176470588236
0.6953431372549019
0.6389705882352941
0.9399509803921569
1.
1.
1.
-1
1.
0.5598039215686275
0.240686274509804
0.2575980392156863
0.4995098039215686
1.
1.
1.
-1
0.9558823529411765
0.17058823529411762
0.8901960784313725
0.5649509803921569
0.11911764705882352
0.8610294117647059
1.
1.
-1
0.8318627450980393
0.2524509803921569
0.9990196078431373
0.7178921568627451
0.11911764705882351
0.3066176470588235
0.9784313725490197
1.
-1
0.7931372549019609
0.2757352941176471
0.9980392156862745
0.5252450980392157
0.4205882352941176
0.3269607843137255
0.6186274509803923
1.
-1
0.9191176470588236
0.1678921568627451
0.42083333333333334
0.2225490196078432
0.8948529411764705
0.8009803921568628
0.1747549019607843
0.9727941176470589
-1
0.9992647058823529
0.7142156862745099
0.5514705882352939
0.9308823529411766
1.
0.9985294117647059
0.9056372549019609
0.9985294117647059
-1
-2
1.
1.
1.
1.
0.9948529411764706
0.9154411764705883
1.
1.
-1
1.
1.
1.
1.
0.932843137254902
0.21519607843137253
0.9799019607843138
1.
-1
1.
1.
1.
1.
0.9634803921568628
0.1575980392156863
0.945343137254902
1.
-1
1.
1.
1.
1.
0.9573529411764706
0.1370098039215686
0.5764705882352942
0.9629901960784314
-1
1.
1.
1.
1.
0.9085784313725491
0.0943627450980392
0.30563725490196075
0.4715686274509804
-1
1.
1.
1.
1.
0.7791666666666667
0.11666666666666664
0.7083333333333334
0.2024509803921569
-1
1.
1.
1.
1.
0.7958333333333334
0.20539215686274517
0.15931372549019607
0.24093137254901967
-1
1.
1.
1.
1.
0.9977941176470588
0.9774509803921569
0.9392156862745098
0.957843137254902
-1
-2
1.
1.
0.9933823529411765
1.
1.
1.
1.
1.
-1
1.
0.8127450980392157
0.3607843137254902
0.7816176470588235
0.9987745098039216
1.
1.
1.
-1
0.9654411764705882
0.23088235294117648
0.6296568627450979
0.1227941176470588
0.8151960784313725
1.
1.
1.
-1
0.6909313725490197
0.3330882352941176
0.995343137254902
0.3987745098039216
0.3387254901960784
0.9894607843137255
1.
1.
-1
0.43799019607843137
0.628921568627451
1.
0.6593137254901961
0.08602941176470587
0.5230392156862745
0.9899509803921569
1.
-1
0.35686274509803917
0.7051470588235293
1.
0.7051470588235292
0.30833333333333324
0.2816176470588235
0.4615196078431372
0.9936274509803922
-1
0.6073529411764705
0.32843137254901955
0.8803921568627451
0.4007352941176471
0.5475490196078431
0.9473039215686275
0.5394607843137256
0.9823529411764707
-1
0.9747549019607843
0.45931372549019606
0.20931372549019617
0.3928921568627449
0.9460784313725491
1.
1.
1.
-1
-2
1.
0.6348039215686274
0.9276960784313726
1.
1.
1.
1.
1.
-1
1.
0.3519607843137254
0.7252450980392157
1.
1.
1.
1.
1.
-1
1.
0.47058823529411764
0.6242647058823528
1.
1.
1.
1.
1.
-1
1.
0.5325980392156863
0.3512254901960784
0.2894607843137255
0.2943627450980392
0.5948529411764706
0.986764705882353
1.
-1
1.
0.6495098039215687
0.08382352941176471
0.6208333333333333
0.7637254901960785
0.27843137254901956
0.6132352941176471
1.
-1
1.
0.8112745098039216
0.08112745098039213
0.7865196078431371
0.9872549019607844
0.6806372549019608
0.3509803921568627
1.
-1
1.
0.9745098039215687
0.27426470588235297
0.1754901960784314
0.18823529411764706
0.15784313725490193
0.6583333333333333
1.
-1
1.
1.
0.9899509803921569
0.9703431372549021
0.9242647058823528
0.9436274509803921
0.9987745098039216
1.
-1
-2
1.
1.
0.9526960784313725
0.9769607843137256
1.
1.
1.
1.
-1
1.
0.9382352941176471
0.24485294117647055
0.7093137254901962
1.
1.
1.
1.
-1
1.
0.4772058823529412
0.1117647058823529
0.4066176470588235
1.
1.
1.
1.
-1
0.9549019607843138
0.16642156862745097
0.4066176470588235
0.12696078431372548
0.9348039215686275
1.
1.
1.
-1
0.7958333333333333
0.2661764705882353
0.5075980392156862
0.10710784313725488
0.642156862745098
1.
1.
1.
-1
0.7973039215686275
0.224264705882353
0.3024509803921569
0.4458333333333333
0.249264705882353
0.9811274509803922
1.
1.
-1
0.9862745098039216
0.44681372549019605
0.42352941176470577
0.9688725490196078
0.2933823529411764
0.6473039215686275
0.9975490196078431
1.
-1
1.
1.
1.
1.
0.782107843137255
0.11200980392156859
0.8095588235294118
1.
-1
-2
1.
1.
0.9012254901960784
0.9941176470588236
1.
1.
1.
1.
-1
1.
0.9904411764705883
0.22916666666666669
0.9225490196078432
1.
1.
1.
1.
-1
1.
0.9894607843137255
0.2
0.9210784313725489
1.
1.
1.
1.
-1
1.
0.9982843137254902
0.23161764705882357
0.8629901960784313
0.9990196078431373
1.
1.
1.
-1
1.
1.
0.2575980392156863
0.158578431372549
0.6345588235294117
1.
1.
1.
-1
1.
1.
0.23406862745098042
0.5154411764705883
0.17818627450980393
0.942156862745098
1.
1.
-1
1.
0.8372549019607843
0.11911764705882352
0.5852941176470587
0.295343137254902
0.6688725490196078
1.
1.
-1
1.
0.9600490196078432
0.4203431372549018
0.23970588235294127
0.31225490196078415
0.8651960784313726
1.
1.
-1
-2
1.
0.9997549019607843
0.9977941176470588
1.
1.
1.
1.
1.
-1
1.
0.7708333333333334
0.3477941176470588
0.950735294117647
1.
1.
1.
1.
-1
0.9911764705882353
0.304656862745098
0.1029411764705882
0.4526960784313726
0.9965686274509804
1.
1.
1.
-1
0.7830882352941176
0.23480392156862753
0.3120098039215686
0.12058823529411762
0.6958333333333332
1.
1.
1.
-1
0.4713235294117647
0.5774509803921567
0.38357843137254904
0.5051470588235293
0.18480392156862746
0.8674019607843138
1.
1.
-1
0.30686274509803924
0.7468137254901961
0.24460784313725492
0.8063725490196079
0.613235294117647
0.27181372549019606
0.9404411764705882
0.9985294117647059
-1
0.3659313725490196
0.413235294117647
0.23210784313725497
0.982843137254902
0.9924019607843138
0.4193627450980391
0.1303921568627451
0.8750000000000001
-1
0.8375
0.3286764705882352
0.7296568627450979
1.
1.
0.9698529411764706
0.5318627450980392
0.928186274509804
-1
-2
1.
0.6490196078431373
0.7514705882352941
1.
1.
1.
1.
1.
-1
1.
0.5446078431372549
0.5161764705882353
1.
1.
1.
1.
1.
-1
1.
0.6649509803921568
0.4411764705882353
1.
1.
1.
1.
1.
-1
1.
0.7100490196078431
0.37181372549019603
0.9700980392156863
0.8061274509803922
0.8735294117647059
1.
1.
-1
1.
0.7676470588235293
0.2134803921568628
0.22230392156862744
0.25441176470588245
0.1674019607843137
0.7921568627450981
1.
-1
1.
0.9034313725490196
0.08725490196078428
0.546813725490196
0.9975490196078431
0.5730392156862745
0.48970588235294116
1.
-1
1.
0.986764705882353
0.21299019607843145
0.6536764705882352
1.
0.705392156862745
0.3772058823529411
1.
-1
1.
1.
0.4308823529411765
0.19362745098039216
0.4492647058823529
0.25245098039215685
0.5455882352941176
1.
-1
-2
1.
1.
0.9644607843137255
0.9257352941176471
0.9948529411764706
1.
1.
1.
-1
1.
1.
0.4816176470588236
0.12426470588235292
0.6147058823529412
1.
1.
1.
-1
1.
0.9676470588235294
0.18284313725490192
0.5218137254901962
0.1571078431372549
0.9284313725490196
1.
1.
-1
1.
0.7580882352941176
0.28946078431372546
0.8811274509803922
0.08431372549019606
0.47843137254901963
0.9987745098039216
1.
-1
1.
0.5588235294117647
0.49926470588235294
0.9406862745098038
0.14191176470588235
0.18112745098039218
0.7730392156862745
1.
-1
1.
0.5632352941176471
0.4808823529411764
0.8779411764705882
0.18848039215686274
0.7090686274509803
0.20220588235294118
0.8725490196078431
-1
1.
0.8536764705882351
0.18014705882352944
0.3639705882352941
0.48455882352941165
0.9985294117647059
0.6227941176470588
0.18946078431372548
-1
1.
0.9992647058823529
0.6870098039215686
0.47916666666666663
0.953186274509804
1.
0.9985294117647059
0.7107843137254902
-1
-2
0.9897058823529412
0.6911764705882353
0.9921568627450981
1.
1.
1.
1.
1.
-1
0.9803921568627452
0.19754901960784316
0.8737745098039216
1.
1.
1.
1.
1.
-1
1.
0.4352941176470587
0.6044117647058823
0.8012254901960785
0.7875
0.996078431372549
1.
1.
-1
1.
0.5816176470588235
0.15416666666666665
0.22034313725490204
0.20490196078431377
0.6240196078431373
1.
1.
-1
1.
0.621078431372549
0.1759803921568628
0.9526960784313726
0.8450980392156863
0.18480392156862746
0.9686274509803922
1.
-1
1.
0.6509803921568627
0.10808823529411764
0.4522058823529412
0.6811274509803922
0.15465686274509804
0.8899509803921568
1.
-1
1.
0.7698529411764705
0.2852941176470588
0.5583333333333332
0.3973039215686273
0.6286764705882353
0.9933823529411765
1.
-1
1.
0.9980392156862745
0.9801470588235295
1.
1.
1.
1.
1.
-1
-2
1.
1.
0.9950980392156863
0.9965686274509804
1.
1.
1.
1.
-1
1.
0.9887254901960785
0.43799019607843137
0.4973039215686275
0.996078431372549
1.
1.
1.
-1
1.
0.6306372549019608
0.23357843137254908
0.08921568627450979
0.709313725490196
1.
1.
1.
-1
0.9517156862745098
0.18480392156862743
0.7968137254901962
0.14215686274509803
0.17426470588235296
0.8639705882352942
1.
1.
-1
0.7450980392156863
0.31519607843137243
0.9941176470588236
0.2058823529411765
0.5404411764705882
0.26887254901960783
0.9546568627450981
1.
-1
0.7242647058823529
0.3438725490196079
0.933578431372549
0.15906862745098038
0.9436274509803922
0.42990196078431364
0.3924019607843137
0.9909313725490196
-1
0.9316176470588236
0.18284313725490195
0.40098039215686276
0.3948529411764706
0.9990196078431373
0.9441176470588236
0.42990196078431364
0.973529411764706
-1
1.
0.7781862745098038
0.4441176470588234
0.888235294117647
1.
1.
1.
1.
-1
-2
0.9713235294117647
0.8786764705882353
1.
1.
1.
1.
1.
1.
-1
0.8220588235294118
0.2696078431372549
0.9975490196078431
1.
1.
1.
1.
1.
-1
0.9524509803921568
0.1558823529411765
0.9519607843137255
1.
1.
1.
1.
1.
-1
0.9936274509803922
0.21372549019607848
0.8857843137254902
1.
1.
1.
1.
1.
-1
1.
0.3100490196078432
0.4267156862745098
0.8453431372549021
1.
1.
1.
1.
-1
1.
0.45563725490196083
0.20171568627450986
0.2107843137254902
0.9477941176470588
1.
1.
1.
-1
1.
0.5122549019607843
0.28970588235294115
0.26446078431372555
0.6776960784313725
1.
1.
1.
-1
1.
0.9112745098039216
0.4306372549019607
0.3617647058823529
0.8987745098039215
1.
1.
1.
-1
-2
1.
0.7041666666666667
0.7485294117647059
0.9566176470588236
1.
1.
1.
1.
-1
0.9338235294117647
0.17328431372549016
0.37965686274509813
0.40661764705882353
0.9965686274509804
1.
1.
1.
-1
0.6904411764705883
0.36519607843137253
0.6965686274509805
0.08651960784313724
0.6004901960784313
0.9990196078431373
1.
1.
-1
0.5389705882352941
0.4401960784313726
0.5007352941176471
0.27352941176470597
0.19754901960784318
0.6237745098039216
1.
1.
-1
0.7404411764705882
0.19877450980392167
0.4269607843137254
0.8681372549019608
0.8750000000000001
0.8750000000000001
1.
1.
-1
0.9987745098039216
0.9862745098039216
1.
1.
1.
1.
1.
1.
-1
1.
1.
1.
1.
1.
1.
1.
1.
-1
1.
1.
1.
1.
1.
1.
1.
1.
-1
-2
0.9977941176470588
0.9514705882352941
1.
1.
1.
1.
1.
1.
-1
0.903921568627451
0.28700980392156866
1.
1.
1.
1.
1.
1.
-1
0.8946078431372548
0.2294117647058824
0.9987745098039216
1.
1.
1.
1.
1.
-1
0.930392156862745
0.16127450980392158
0.6056372549019609
0.8720588235294118
1.
1.
1.
1.
-1
0.961764705882353
0.11789215686274507
0.3245098039215685
0.24338235294117647
0.9825980392156863
1.
1.
1.
-1
0.9911764705882353
0.15245098039215688
0.7973039215686275
0.19142156862745102
0.8720588235294118
1.
1.
1.
-1
0.9919117647058824
0.17401960784313725
0.15073529411764705
0.3142156862745097
0.9656862745098039
1.
1.
1.
-1
1.
0.707107843137255
0.8198529411764706
0.990686274509804
1.
1.
1.
1.
-1
-2
1.
1.
1.
1.
1.
1.
1.
1.
-1
1.
1.
0.9997549019607843
1.
1.
1.
1.
1.
-1
1.
0.6477941176470587
0.44117647058823534
0.9875
1.
1.
1.
1.
-1
0.9325980392156863
0.17205882352941176
0.09338235294117646
0.7536764705882353
1.
1.
1.
1.
-1
0.6095588235294118
0.3892156862745097
0.15686274509803924
0.3622549019607843
0.9982843137254902
1.
1.
1.
-1
0.4519607843137255
0.6531862745098039
0.2274509803921569
0.14779411764705885
0.8169117647058823
1.
1.
1.
-1
0.5441176470588235
0.4120098039215686
0.18186274509803924
0.5024509803921567
0.3872549019607842
1.
1.
1.
-1
0.9316176470588237
0.3237745098039215
0.5122549019607843
0.9872549019607844
0.9730392156862746
1.
1.
1.
-1
-2
1.
1.
1.
1.
0.9227941176470589
0.9875
1.
1.
-1
1.
1.
1.
1.
0.29705882352941176
0.8392156862745099
1.
1.
-1
1.
1.
1.
1.
0.23774509803921573
0.8772058823529412
1.
1.
-1
1.
1.
1.
1.
0.23897058823529416
0.8737745098039216
1.
1.
-1
1.
1.
1.
1.
0.2669117647058824
0.357843137254902
0.5350490196078431
0.948529411764706
-1
1.
1.
1.
1.
0.3639705882352941
0.2767156862745097
0.40245098039215677
0.3392156862745098
-1
1.
1.
1.
1.
0.42892156862745096
0.48799019607843136
0.9745098039215687
0.17671568627450984
-1
1.
1.
1.
1.
0.4490196078431372
0.1519607843137255
0.34852941176470587
0.27254901960784317
-1
-2
0.9887254901960785
0.5392156862745099
0.5674019607843137
0.9644607843137255
1.
1.
1.
1.
-1
0.7009803921568628
0.27205882352941174
0.24705882352941183
0.5426470588235294
1.
1.
1.
1.
-1
0.43651960784313726
0.6330882352941176
0.7801470588235295
0.12058823529411761
0.8107843137254902
1.
1.
1.
-1
0.3004901960784314
0.763235294117647
1.
0.4318627450980392
0.1769607843137255
0.7808823529411765
0.9995098039215686
1.
-1
0.3720588235294117
0.6026960784313725
0.8828431372549019
0.400735294117647
0.32181372549019605
0.19068627450980397
0.44166666666666665
0.9852941176470589
-1
0.8259803921568628
0.23406862745098048
0.19828431372549027
0.4289215686274509
0.9102941176470587
0.9269607843137255
0.674264705882353
0.991421568627451
-1
1.
0.9877450980392157
0.9855392156862746
1.
1.
1.
1.
1.
-1
1.
1.
1.
1.
1.
1.
1.
1.
-1
-2
0.9583333333333333
0.7299019607843138
1.
1.
1.
1.
1.
1.
-1
0.7362745098039216
0.3389705882352941
1.
1.
1.
1.
1.
1.
-1
0.6012254901960784
0.4799019607843137
1.
1.
1.
1.
1.
1.
-1
0.5208333333333333
0.5254901960784313
0.8654411764705883
0.7857843137254902
0.9230392156862746
1.
1.
1.
-1
0.5009803921568627
0.12156862745098039
0.2159313725490197
0.27132352941176463
0.19068627450980394
0.9357843137254902
1.
1.
-1
0.5566176470588236
0.3075980392156863
0.9919117647058824
0.9997549019607843
0.27941176470588236
0.775
1.
1.
-1
0.6950980392156862
0.1715686274509804
0.8110294117647059
0.6522058823529412
0.17818627450980393
0.9083333333333334
1.
1.
-1
0.9178921568627452
0.4007352941176469
0.25833333333333336
0.3325980392156862
0.8093137254901961
1.
1.
1.
-1
-2
1.
0.9840686274509804
0.954656862745098
1.
1.
1.
1.
1.
-1
0.9436274509803921
0.29068627450980394
0.14730392156862746
0.9365196078431373
1.
1.
1.
1.
-1
0.6286764705882353
0.3762254901960783
0.20416666666666672
0.6041666666666666
1.
1.
1.
1.
-1
0.4946078431372549
0.578921568627451
0.42450980392156856
0.15416666666666667
0.9068627450980392
1.
1.
1.
-1
0.5237745098039216
0.5392156862745098
0.5061274509803921
0.18406862745098046
0.36470588235294116
0.9884803921568628
1.
1.
-1
0.7455882352941177
0.2563725490196078
0.3605392156862745
0.5997549019607844
0.3066176470588235
0.5267156862745098
0.9987745098039216
1.
-1
0.9884803921568628
0.4845588235294117
0.3710784313725489
0.9318627450980393
0.9259803921568629
0.6120098039215686
0.9955882352941177
1.
-1
1.
1.
1.
1.
1.
1.
1.
1.
-1
-2
0.9936274509803922
0.8296568627450981
0.9985294117647059
1.
1.
1.
1.
1.
-1
0.9700980392156864
0.1838235294117647
0.8776960784313725
1.
1.
1.
1.
1.
-1
1.
0.4980392156862744
0.5095588235294117
1.
1.
1.
1.
1.
-1
1.
0.838970588235294
0.21421568627450982
0.7563725490196078
0.45784313725490194
0.7595588235294117
0.9987745098039216
1.
-1
1.
0.9909313725490196
0.249264705882353
0.16176470588235292
0.5666666666666665
0.1975490196078432
0.6274509803921569
1.
-1
1.
1.
0.5129901960784313
0.36470588235294116
1.
0.8531862745098039
0.17279411764705885
0.9637254901960784
-1
1.
1.
0.7044117647058823
0.21151960784313728
0.5029411764705882
0.45882352941176474
0.17254901960784313
0.9602941176470589
-1
1.
1.
0.9262254901960785
0.11200980392156858
0.5948529411764706
0.6012254901960785
0.854656862745098
1.
-1
-2
1.
1.
1.
1.
1.
1.
1.
1.
-1
1.
0.8720588235294118
0.6850490196078431
0.9904411764705883
1.
1.
1.
1.
-1
0.967156862745098
0.24926470588235294
0.6134803921568628
0.29730392156862745
0.7678921568627451
1.
1.
1.
-1
0.7752450980392157
0.2708333333333333
0.9909313725490196
0.22647058823529417
0.16838235294117648
0.8671568627450981
1.
1.
-1
0.8252450980392156
0.24093137254901964
0.9946078431372549
0.3575980392156862
0.34485294117647053
0.291421568627451
0.9727941176470588
1.
-1
0.9745098039215687
0.20098039215686278
0.5975490196078432
0.2299019607843137
0.7544117647058822
0.3997549019607842
0.7843137254901961
1.
-1
1.
0.788235294117647
0.4421568627450979
0.5865196078431373
0.9899509803921569
0.9899509803921569
0.9955882352941177
1.
-1
1.
1.
1.
1.
1.
1.
1.
1.
-1
-2
1.
0.9921568627450981
0.9948529411764706
1.
1.
1.
1.
1.
-1
1.
0.5801470588235293
0.6909313725490197
1.
1.
1.
1.
1.
-1
1.
0.45931372549019606
0.5985294117647059
0.7227941176470588
0.7245098039215686
0.9529411764705882
1.
1.
-1
1.
0.4090686274509804
0.1377450980392157
0.3345588235294116
0.3362745098039214
0.24852941176470586
0.9433823529411764
1.
-1
1.
0.4563725490196078
0.257843137254902
0.9916666666666667
0.9965686274509804
0.3759803921568627
0.6588235294117647
1.
-1
1.
0.5161764705882352
0.2019607843137255
0.6786764705882353
0.6049019607843137
0.221078431372549
0.6781862745098041
1.
-1
1.
0.6558823529411765
0.170343137254902
0.3208333333333332
0.4573529411764705
0.7399509803921569
0.9928921568627451
1.
-1
1.
0.9330882352941178
0.7813725490196078
1.
1.
1.
1.
1.
-1
-2
1.
1.
1.
1.
1.
1.
1.
1.
-1
1.
0.9968137254901961
0.6845588235294118
0.7894607843137255
0.9985294117647059
1.
1.
1.
-1
1.
0.7367647058823529
0.21053921568627457
0.3325980392156862
0.6938725490196078
1.
1.
1.
-1
0.9970588235294118
0.30294117647058827
0.7036764705882353
0.510049019607843
0.35563725490196074
1.
1.
1.
-1
0.9475490196078432
0.15808823529411764
0.9477941176470588
0.27990196078431373
0.1448529411764706
0.8818627450980393
1.
1.
-1
0.9453431372549019
0.15710784313725493
0.7134803921568628
0.23186274509803925
0.5325980392156863
0.3683823529411765
0.9901960784313726
1.
-1
0.9985294117647059
0.42107843137254897
0.12867647058823528
0.6512254901960783
0.9686274509803922
0.28161764705882353
0.6688725490196078
1.
-1
1.
0.957843137254902
0.7115196078431373
0.9845588235294118
1.
0.9075980392156863
0.8772058823529412
1.
-1
-2
1.
0.9727941176470588
0.7573529411764706
1.
1.
1.
1.
1.
-1
1.
0.8769607843137255
0.24436274509803924
1.
1.
1.
1.
1.
-1
1.
0.8539215686274509
0.245343137254902
1.
1.
1.
1.
1.
-1
1.
0.7752450980392157
0.28725490196078435
1.
1.
1.
1.
1.
-1
1.
0.7375
0.1985294117647059
0.734313725490196
0.9928921568627451
1.
1.
1.
-1
1.
0.7661764705882353
0.09926470588235291
0.2259803921568628
0.43774509803921574
0.9977941176470588
1.
1.
-1
1.
0.899264705882353
0.0977941176470588
0.4906862745098039
0.1321078431372549
0.9477941176470589
1.
1.
-1
1.
0.9958333333333333
0.7044117647058823
0.48504901960784297
0.48382352941176465
0.9862745098039216
1.
1.
-1
-2
1.
1.
1.
1.
1.
1.
1.
1.
-1
1.
0.9985294117647059
0.6588235294117647
0.8149509803921569
1.
1.
1.
1.
-1
1.
0.8357843137254902
0.12279411764705879
0.18700980392156863
0.8877450980392156
1.
1.
1.
-1
1.
0.6588235294117647
0.203921568627451
0.15294117647058827
0.19681372549019607
0.7343137254901961
0.9968137254901961
1.
-1
1.
0.9019607843137255
0.3497549019607842
0.8137254901960786
0.7647058823529411
0.21740196078431379
0.4232843137254902
0.9879901960784314
-1
1.
1.
1.
1.
1.
0.9575980392156863
0.7009803921568628
0.990686274509804
-1
1.
1.
1.
1.
1.
1.
1.
1.
-1
1.
1.
1.
1.
1.
1.
1.
1.
-1
-2
1.
0.9541666666666666
0.9303921568627451
1.
1.
1.
1.
1.
-1
1.
0.6634803921568627
0.48014705882352937
1.
1.
1.
1.
1.
-1
1.
0.7139705882352941
0.37132352941176466
1.
1.
1.
1.
1.
-1
1.
0.7620098039215686
0.24950980392156866
0.5575980392156863
0.7117647058823529
0.9990196078431373
1.
1.
-1
1.
0.8377450980392158
0.08161764705882352
0.43431372549019603
0.17230392156862745
0.8772058823529412
1.
1.
-1
1.
0.8911764705882353
0.09093137254901959
0.5110294117647058
0.16887254901960785
0.7681372549019607
1.
1.
-1
1.
0.9931372549019608
0.6921568627450979
0.5044117647058823
0.759313725490196
0.9928921568627451
1.
1.
-1
1.
1.
1.
1.
1.
1.
1.
1.
-1
-2
1.
1.
1.
1.
1.
1.
1.
1.
-1
1.
1.
1.
1.
0.946078431372549
0.9745098039215686
1.
1.
-1
1.
1.
1.
0.9627450980392157
0.24142156862745096
0.26495098039215687
0.9845588235294118
1.
-1
1.
1.
1.
0.6313725490196078
0.30024509803921556
0.08897058823529412
0.7872549019607843
1.
-1
1.
1.
1.
0.4142156862745098
0.5348039215686274
0.09166666666666666
0.43137254901960786
0.9995098039215686
-1
1.
1.
1.
0.3247549019607844
0.3093137254901961
0.37941176470588234
0.17475490196078433
0.8901960784313726
-1
1.
1.
1.
0.37009803921568624
0.18651960784313734
0.8848039215686274
0.7178921568627452
0.8933823529411765
-1
1.
1.
1.
0.9524509803921569
0.9495098039215687
1.
1.
1.
-1
-2
1.
1.
0.9526960784313725
0.8715686274509804
1.
1.
1.
1.
-1
1.
1.
0.6732843137254901
0.44975490196078416
1.
1.
1.
1.
-1
1.
1.
0.6519607843137255
0.4622549019607843
0.9916666666666667
0.9840686274509804
1.
1.
-1
1.
1.
0.6926470588235294
0.20220588235294118
0.22181372549019607
0.2299019607843137
0.8705882352941177
1.
-1
1.
1.
0.6676470588235295
0.18161764705882358
0.8504901960784313
0.5825980392156862
0.3068627450980392
0.9776960784313726
-1
1.
1.
0.6973039215686274
0.1987745098039216
0.9948529411764706
0.9838235294117648
0.3357843137254902
0.6112745098039216
-1
1.
1.
0.9225490196078432
0.19313725490196085
0.3816176470588235
0.4919117647058824
0.2840686274509804
0.5208333333333333
-1
1.
1.
1.
0.944607843137255
0.658578431372549
0.5825980392156864
0.696078431372549
0.9691176470588235
-1
-2
1.
1.
1.
1.
1.
1.
1.
1.
-1
0.9946078431372549
0.703186274509804
0.8188725490196078
1.
1.
1.
1.
1.
-1
0.9375
0.121078431372549
0.15588235294117644
0.9441176470588235
1.
1.
1.
1.
-1
0.9313725490196078
0.1610294117647059
0.13308823529411762
0.5267156862745097
1.
1.
1.
1.
-1
0.9813725490196079
0.191421568627451
0.17573529411764707
0.14142156862745098
0.8107843137254902
1.
1.
1.
-1
1.
0.3612745098039215
0.10098039215686273
0.5382352941176471
0.2012254901960784
0.8786764705882353
1.
1.
-1
1.
0.6392156862745098
0.09117647058823526
0.9176470588235294
0.6000000000000001
0.3504901960784314
0.9973039215686275
1.
-1
1.
0.970343137254902
0.6700980392156863
0.9924019607843138
0.9958333333333333
0.9308823529411764
1.
1.
-1
-2
0.7958333333333334
0.5975490196078432
1.
1.
1.
1.
1.
1.
-1
0.7120098039215685
0.36470588235294116
1.
1.
1.
1.
1.
1.
-1
0.7433823529411765
0.2977941176470588
0.7134803921568627
0.7627450980392156
0.9909313725490196
1.
1.
1.
-1
0.8257352941176471
0.08750000000000001
0.29926470588235277
0.24754901960784323
0.44730392156862736
0.9919117647058824
1.
1.
-1
0.9166666666666666
0.08602941176470585
0.8852941176470588
0.9536764705882353
0.2348039215686275
0.786029411764706
1.
1.
-1
0.9825980392156863
0.15906862745098038
0.5723039215686274
0.6904411764705882
0.2063725490196078
0.7865196078431372
1.
1.
-1
1.
0.7725490196078432
0.3318627450980391
0.36544117647058805
0.6749999999999998
0.9958333333333333
1.
1.
-1
1.
1.
1.
1.
1.
1.
1.
1.
-1
-2
1.
1.
1.
1.
1.
1.
1.
1.
-1
1.
0.9794117647058824
0.6205882352941177
0.8401960784313726
1.
1.
1.
1.
-1
0.9958333333333333
0.43308823529411766
0.09534313725490193
0.6894607843137255
1.
1.
1.
1.
-1
0.8053921568627451
0.215686274509804
0.3806372549019607
0.18186274509803924
0.8901960784313725
1.
1.
1.
-1
0.5362745098039216
0.5215686274509803
0.5247549019607843
0.2125000000000001
0.2544117647058824
0.9129901960784315
1.
1.
-1
0.4737745098039216
0.6095588235294117
0.5183823529411764
0.5299019607843137
0.5441176470588235
0.22818627450980394
0.9174019607843138
1.
-1
0.7291666666666666
0.2036764705882353
0.18504901960784315
0.8034313725490195
0.9970588235294118
0.759313725490196
0.945343137254902
1.
-1
0.9970588235294118
0.7465686274509804
0.7612745098039216
0.9985294117647059
1.
1.
1.
1.
-1
-2
1.
0.616421568627451
0.7311274509803922
1.
1.
1.
1.
1.
-1
1.
0.48725490196078436
0.5906862745098039
1.
1.
1.
1.
1.
-1
1.
0.546078431372549
0.5169117647058824
1.
1.
1.
1.
1.
-1
1.
0.7384803921568627
0.25759803921568625
0.36495098039215684
0.29705882352941176
0.44705882352941184
0.9134803921568628
1.
-1
1.
0.9397058823529412
0.11887254901960781
0.404656862745098
0.7615196078431372
0.41642156862745094
0.5193627450980393
1.
-1
1.
0.9992647058823529
0.3563725490196078
0.47303921568627444
0.9904411764705883
0.46053921568627454
0.533578431372549
1.
-1
1.
1.
0.6200980392156863
0.1590686274509804
0.2713235294117647
0.27818627450980393
0.9208333333333334
1.
-1
1.
1.
0.9872549019607844
0.7708333333333334
0.7678921568627451
0.9811274509803922
1.
1.
-1
-2
1.
1.
1.
1.
1.
1.
1.
1.
-1
1.
0.9830882352941177
0.6838235294117647
0.9424019607843137
1.
1.
1.
1.
-1
0.9980392156862745
0.4745098039215686
0.30367647058823516
0.35637254901960785
0.9017156862745098
1.
1.
1.
-1
0.8857843137254903
0.17573529411764707
0.917156862745098
0.16078431372549018
0.5463235294117647
1.
1.
1.
-1
0.7678921568627451
0.2862745098039216
0.9681372549019608
0.15147058823529413
0.19779411764705884
0.9649509803921569
1.
1.
-1
0.8127450980392157
0.23700980392156867
0.9316176470588236
0.1607843137254902
0.35514705882352937
0.5125000000000001
0.9975490196078431
1.
-1
0.982843137254902
0.27009803921568626
0.39999999999999997
0.28627450980392155
0.9169117647058824
0.22303921568627458
0.5404411764705882
0.9975490196078431
-1
1.
0.8862745098039215
0.4019607843137254
0.7193627450980391
1.
0.8865196078431372
0.6730392156862745
0.9990196078431373
-1
-2
0.9151960784313725
0.5872549019607843
1.
1.
1.
1.
1.
1.
-1
0.7654411764705883
0.296078431372549
1.
1.
1.
1.
1.
1.
-1
0.7713235294117646
0.13014705882352942
0.5696078431372549
0.9955882352941177
1.
1.
1.
1.
-1
0.8178921568627452
0.1009803921568627
0.20808823529411768
0.7698529411764706
1.
1.
1.
1.
-1
0.8980392156862745
0.08284313725490193
0.14338235294117646
0.5654411764705882
1.
1.
1.
1.
-1
0.9833333333333334
0.421813725490196
0.6585784313725489
0.907843137254902
1.
1.
1.
1.
-1
1.
1.
1.
1.
1.
1.
1.
1.
-1
1.
1.
1.
1.
1.
1.
1.
1.
-1
-2
1.
1.
1.
1.
0.9730392156862745
0.7921568627450981
0.9093137254901962
1.
-1
1.
1.
1.
0.9997549019607843
0.47598039215686283
0.12450980392156862
0.3458333333333333
0.9899509803921569
-1
1.
1.
1.
0.9629901960784314
0.1580882352941176
0.3625
0.12450980392156859
0.5830882352941177
-1
1.
1.
1.
0.9852941176470589
0.2781862745098039
0.133578431372549
0.688970588235294
0.21985294117647064
-1
1.
1.
1.
1.
0.9279411764705883
0.7816176470588236
0.995343137254902
0.9382352941176471
-1
1.
1.
1.
1.
1.
1.
1.
1.
-1
1.
1.
1.
1.
1.
1.
1.
1.
-1
1.
1.
1.
1.
1.
1.
1.
1.
-1
-2
0.8723039215686275
0.7272058823529413
1.
1.
1.
1.
1.
1.
-1
0.6213235294117646
0.4681372549019608
1.
1.
1.
1.
1.
1.
-1
0.5446078431372549
0.5154411764705882
1.
1.
1.
1.
1.
1.
-1
0.6512254901960784
0.41642156862745094
0.9995098039215686
1.
1.
1.
1.
1.
-1
0.7563725490196078
0.10245098039215686
0.5558823529411765
0.9965686274509804
1.
1.
1.
1.
-1
0.7870098039215686
0.09387254901960781
0.19509803921568633
0.754656862745098
1.
1.
1.
1.
-1
0.9465686274509805
0.11838235294117642
0.4401960784313726
0.38553921568627453
1.
1.
1.
1.
-1
1.
0.5279411764705881
0.14240196078431372
0.3924019607843137
1.
1.
1.
1.
-1
-2
1.
1.
1.
1.
1.
1.
1.
1.
-1
1.
1.
1.
1.
1.
1.
1.
1.
-1
1.
0.9262254901960785
0.9799019607843137
1.
1.
1.
1.
1.
-1
0.9615196078431373
0.1715686274509804
0.37156862745098046
0.9987745098039216
1.
1.
1.
1.
-1
0.7691176470588235
0.22867647058823531
0.11323529411764702
0.7225490196078432
1.
1.
1.
1.
-1
0.642156862745098
0.442892156862745
0.18014705882352944
0.17230392156862748
0.8365196078431373
1.
1.
1.
-1
0.7286764705882353
0.1791666666666667
0.26250000000000007
0.6551470588235293
0.2125
0.8801470588235294
1.
1.
-1
0.9796568627450981
0.5164215686274508
0.8107843137254903
0.9985294117647059
0.6075980392156861
0.19387254901960785
0.7306372549019609
1.
-1
-2
1.
0.8700980392156863
0.9681372549019608
1.
1.
1.
1.
1.
-1
1.
0.3375
0.7463235294117648
1.
1.
1.
1.
1.
-1
1.
0.4411764705882353
0.6473039215686273
0.9909313725490196
0.9990196078431373
1.
1.
1.
-1
1.
0.5588235294117647
0.28627450980392155
0.21568627450980393
0.4455882352941177
0.9637254901960784
1.
1.
-1
1.
0.7269607843137255
0.08063725490196076
0.7115196078431373
0.37598039215686274
0.4936274509803922
1.
1.
-1
1.
0.8191176470588236
0.096078431372549
0.9392156862745098
0.8139705882352942
0.18137254901960786
0.9825980392156863
1.
-1
1.
0.8791666666666668
0.08308823529411763
0.2156862745098039
0.16764705882352937
0.5656862745098039
0.9985294117647059
1.
-1
1.
0.9943627450980392
0.8250000000000001
0.8252450980392159
0.9372549019607843
0.9995098039215686
1.
1.
-1
-2
0.9924019607843138
0.7865196078431373
0.9558823529411765
0.9924019607843138
1.
1.
1.
1.
-1
0.6522058823529413
0.25686274509803925
0.2534313725490196
0.7262254901960785
1.
1.
1.
1.
-1
0.30808823529411766
0.5600490196078431
0.09093137254901959
0.617156862745098
1.
1.
1.
1.
-1
0.20661764705882357
0.3730392156862745
0.3311274509803921
0.25367647058823534
0.9791666666666667
1.
1.
1.
-1
0.28210784313725495
0.15220588235294114
0.907107843137255
0.33308823529411763
0.5517156862745098
0.9992647058823529
1.
1.
-1
0.8465686274509805
0.7350490196078433
1.
0.9009803921568627
0.3328431372549019
0.9759803921568628
1.
1.
-1
1.
1.
1.
1.
0.9926470588235294
1.
1.
1.
-1
1.
1.
1.
1.
1.
1.
1.
1.
-1
-2
1.
1.
1.
1.
1.
1.
1.
1.
-1
1.
1.
1.
0.9615196078431373
0.9477941176470588
1.
1.
1.
-1
1.
1.
1.
0.6654411764705882
0.48112745098039217
1.
1.
1.
-1
1.
1.
1.
0.7340686274509803
0.33529411764705885
1.
1.
1.
-1
1.
1.
1.
0.8404411764705884
0.17990196078431372
0.37083333333333335
0.4247549019607843
0.9598039215686274
-1
1.
1.
1.
0.9647058823529412
0.13995098039215687
0.5053921568627451
0.26838235294117646
0.7348039215686276
-1
1.
1.
1.
1.
0.3311274509803921
0.2536764705882353
0.18578431372549026
0.8708333333333335
-1
1.
1.
1.
1.
0.8401960784313726
0.6769607843137253
0.8963235294117647
1.
-1
-2
0.9522058823529411
0.6600490196078432
0.9909313725490196
1.
1.
1.
1.
1.
-1
0.4286764705882353
0.19436274509803925
0.6752450980392157
1.
1.
1.
1.
1.
-1
0.1588235294117647
0.6654411764705882
0.10882352941176468
0.7607843137254903
1.
1.
1.
1.
-1
0.16200980392156863
0.916421568627451
0.18480392156862746
0.17279411764705882
0.8232843137254902
1.
1.
1.
-1
0.3495098039215686
0.4691176470588236
0.158578431372549
0.6473039215686274
0.18921568627450983
0.8200980392156862
1.
1.
-1
0.8490196078431373
0.4749999999999999
0.6845588235294118
0.9990196078431373
0.6686274509803922
0.3838235294117647
0.9975490196078431
1.
-1
1.
1.
1.
1.
0.9995098039215686
0.9926470588235294
1.
1.
-1
1.
1.
1.
1.
1.
1.
1.
1.
-1
-2
1.
0.613235294117647
0.8127450980392157
1.
1.
1.
1.
1.
-1
1.
0.49485294117647055
0.5754901960784313
1.
1.
1.
1.
1.
-1
1.
0.6075980392156862
0.47745098039215683
1.
0.9982843137254902
0.995343137254902
1.
1.
-1
1.
0.7083333333333333
0.3205882352941176
0.46691176470588236
0.242156862745098
0.22303921568627455
0.49411764705882355
0.9838235294117648
-1
1.
0.7705882352941176
0.0821078431372549
0.4531862745098039
0.8517156862745099
0.8806372549019608
0.30686274509803924
0.6205882352941178
-1
1.
0.9262254901960785
0.09754901960784311
0.775
1.
1.
0.7833333333333333
0.271078431372549
-1
1.
0.9973039215686275
0.2654411764705883
0.16225490196078432
0.6252450980392157
0.9321078431372549
0.8230392156862745
0.16764705882352943
-1
1.
1.
0.6149509803921568
0.5656862745098038
0.3558823529411763
0.15955882352941173
0.18700980392156868
0.5799019607843136
-1
-2
1.
1.
0.7372549019607844
0.9360294117647059
1.
1.
1.
1.
-1
1.
1.
0.3357843137254902
0.4276960784313725
0.7022058823529412
0.9987745098039216
1.
1.
-1
1.
0.9002450980392157
0.28651960784313724
0.07867647058823526
0.4649509803921568
0.9987745098039216
1.
1.
-1
0.8490196078431373
0.18774509803921569
0.4801470588235294
0.11004901960784312
0.18137254901960784
0.8607843137254902
1.
1.
-1
0.513235294117647
0.492892156862745
0.9879901960784314
0.19166666666666668
0.5620098039215686
0.21642156862745096
0.8987745098039216
1.
-1
0.7661764705882353
0.18995098039215685
0.5419117647058824
0.16887254901960785
0.9512254901960785
0.5605392156862744
0.2857843137254902
0.957843137254902
-1
0.9987745098039216
0.7365196078431373
0.49093137254901953
0.801470588235294
1.
0.9901960784313726
0.42107843137254886
0.4421568627450981
-1
1.
1.
1.
1.
1.
1.
0.9674019607843137
0.7723039215686275
-1
-2
0.7639705882352942
0.8879901960784314
1.
1.
1.
1.
1.
1.
-1
0.5009803921568627
0.5595588235294117
1.
1.
1.
1.
1.
1.
-1
0.6110294117647059
0.47745098039215683
1.
0.9990196078431373
0.9605392156862745
0.9735294117647059
1.
1.
-1
0.6933823529411764
0.4085784313725489
0.8377450980392157
0.3551470588235294
0.158578431372549
0.2034313725490196
0.865686274509804
1.
-1
0.7394607843137255
0.21789215686274513
0.1813725490196078
0.6169117647058823
0.9345588235294119
0.5455882352941176
0.4615196078431372
1.
-1
0.865686274509804
0.08161764705882352
0.4009803921568627
1.
0.9990196078431373
0.7124999999999999
0.296813725490196
1.
-1
0.9796568627450981
0.16029411764705884
0.13897058823529412
0.2563725490196079
0.23995098039215684
0.16617647058823526
0.6426470588235293
1.
-1
1.
0.4397058823529411
0.6350490196078431
0.8127450980392159
0.8428921568627452
0.9529411764705883
1.
1.
-1
-2
1.
1.
0.9740196078431372
0.9977941176470588
1.
1.
1.
1.
-1
1.
0.8178921568627451
0.18210784313725492
0.6563725490196078
1.
1.
1.
1.
-1
1.
0.5161764705882352
0.29019607843137246
0.13799019607843138
0.8928921568627451
1.
1.
1.
-1
1.
0.35024509803921566
0.7120098039215685
0.3789215686274509
0.28823529411764703
0.9517156862745099
1.
1.
-1
1.
0.2845588235294118
0.7723039215686274
0.8387254901960783
0.08872549019607841
0.3154411764705882
0.9161764705882354
1.
-1
1.
0.33921568627450976
0.7088235294117647
0.9899509803921569
0.20318627450980398
0.43039215686274507
0.19999999999999998
0.7590686274509805
-1
1.
0.6534313725490195
0.2818627450980392
0.8541666666666666
0.17794117647058824
0.9161764705882353
0.7941176470588235
0.7911764705882354
-1
1.
0.9855392156862746
0.5186274509803921
0.17965686274509812
0.46151960784313717
0.9941176470588236
1.
1.
-1
-2
1.
0.8210784313725491
0.4769607843137255
1.
1.
1.
1.
1.
-1
1.
0.8088235294117647
0.2649509803921568
1.
1.
1.
1.
1.
-1
1.
0.9166666666666666
0.18333333333333335
0.978186274509804
1.
1.
1.
1.
-1
1.
0.9904411764705883
0.2235294117647059
0.6387254901960785
0.4017156862745099
0.803921568627451
1.
1.
-1
1.
1.
0.36421568627450973
0.11862745098039214
0.4894607843137254
0.17916666666666667
0.7634803921568628
1.
-1
1.
1.
0.4573529411764705
0.17598039215686279
0.9794117647058824
0.7477941176470588
0.19387254901960788
0.9693627450980392
-1
1.
1.
0.3669117647058823
0.23823529411764707
0.7615196078431372
0.6112745098039216
0.1713235294117647
0.9600490196078432
-1
1.
1.
0.8269607843137257
0.4519607843137254
0.2955882352941176
0.3997549019607842
0.8090686274509804
1.
-1
-2
1.
1.
1.
1.
1.
1.
1.
1.
-1
1.
0.9588235294117646
0.6504901960784314
0.9303921568627451
1.
1.
1.
1.
-1
0.9718137254901961
0.31176470588235294
0.3524509803921567
0.183578431372549
0.8948529411764706
1.
1.
1.
-1
0.6399509803921569
0.3345588235294117
0.9852941176470589
0.34705882352941175
0.3830882352941176
0.9897058823529412
1.
1.
-1
0.30514705882352944
0.7424019607843136
1.
0.6149509803921568
0.096078431372549
0.5129901960784314
0.9941176470588236
1.
-1
0.21813725490196081
0.8919117647058823
1.
0.5816176470588236
0.4252450980392156
0.27058823529411763
0.5730392156862746
1.
-1
0.40441176470588225
0.5490196078431373
0.9990196078431373
0.4188725490196078
0.6387254901960785
0.9443627450980393
0.8526960784313725
1.
-1
0.8855392156862745
0.20392156862745103
0.41078431372549024
0.17034313725490194
0.8914215686274511
1.
1.
1.
-1
-2
1.
0.7762254901960783
0.8855392156862746
1.
1.
1.
1.
1.
-1
1.
0.49411764705882344
0.5860294117647058
1.
1.
1.
1.
1.
-1
1.
0.6257352941176471
0.4615196078431372
1.
1.
1.
1.
1.
-1
1.
0.7169117647058824
0.24558823529411772
0.44950980392156864
0.47058823529411764
0.7987745098039216
1.
1.
-1
1.
0.7357843137254902
0.09558823529411761
0.6071078431372547
0.5963235294117646
0.17892156862745098
0.8328431372549019
1.
-1
1.
0.6985294117647058
0.2171568627450981
0.9982843137254902
1.
0.5622549019607843
0.48799019607843136
1.
-1
1.
0.5431372549019607
0.22107843137254904
0.9963235294117647
0.8848039215686274
0.40784313725490196
0.475735294117647
1.
-1
1.
0.5892156862745098
0.10833333333333332
0.2426470588235294
0.1808823529411765
0.47156862745098027
0.9404411764705883
1.
-1
-2
1.
1.
1.
1.
1.
1.
1.
1.
-1
1.
0.9990196078431373
0.7642156862745099
0.5659313725490196
0.6705882352941177
0.9955882352941177
1.
1.
-1
0.9985294117647059
0.6125
0.1975490196078432
0.6590686274509805
0.133578431372549
0.7372549019607844
1.
1.
-1
0.777450980392157
0.19901960784313732
0.879656862745098
1.
0.5419117647058823
0.2676470588235294
0.9811274509803922
1.
-1
0.47034313725490196
0.5955882352941174
1.
1.
0.7149509803921568
0.09019607843137252
0.5149509803921568
0.9975490196078431
-1
0.5855392156862744
0.3416666666666667
0.9480392156862745
1.
0.553186274509804
0.43039215686274507
0.22524509803921575
0.7112745098039216
-1
0.9732843137254902
0.4492647058823529
0.19509803921568628
0.43651960784313726
0.18063725490196075
0.8134803921568627
0.9083333333333333
0.9012254901960784
-1
1.
0.9973039215686275
0.8433823529411766
0.6475490196078431
0.7977941176470589
0.9992647058823529
1.
1.
-1
-2
0.8977941176470589
0.5482843137254902
1.
1.
1.
1.
1.
1.
-1
0.7933823529411765
0.2754901960784314
1.
1.
1.
1.
1.
1.
-1
0.8779411764705882
0.23014705882352948
0.9977941176470588
1.
1.
1.
1.
1.
-1
0.9404411764705882
0.1647058823529412
0.8127450980392157
0.9642156862745098
1.
1.
1.
1.
-1
0.9904411764705883
0.20833333333333337
0.12916666666666662
0.23088235294117648
0.7588235294117647
0.9995098039215686
1.
1.
-1
1.
0.31789215686274513
0.41348039215686266
0.7034313725490197
0.18774509803921574
0.7463235294117647
1.
1.
-1
1.
0.5370098039215686
0.1156862745098039
0.21642156862745096
0.21593137254901962
0.5051470588235294
1.
1.
-1
1.
0.796078431372549
0.35710784313725474
0.8223039215686275
0.7519607843137256
0.9693627450980392
1.
1.
-1
-2
1.
1.
1.
1.
1.
1.
1.
1.
-1
1.
0.9446078431372549
0.8794117647058823
0.6421568627450981
0.9963235294117647
1.
1.
1.
-1
0.9936274509803922
0.3382352941176471
0.5661764705882353
0.1139705882352941
0.845343137254902
1.
1.
1.
-1
0.873529411764706
0.1955882352941177
0.975
0.35343137254901963
0.30098039215686273
0.9252450980392157
1.
1.
-1
0.7838235294117647
0.26862745098039215
0.9975490196078431
0.5274509803921569
0.20465686274509812
0.19044117647058822
0.5370098039215686
0.8968137254901961
-1
0.953186274509804
0.23382352941176476
0.3115196078431372
0.20931372549019608
0.6237745098039215
0.8286764705882353
0.5281862745098039
0.8196078431372549
-1
1.
0.9450980392156862
0.7394607843137256
0.7666666666666667
0.9865196078431373
1.
1.
1.
-1
1.
1.
1.
1.
1.
1.
1.
1.
-1
-2
0.9463235294117647
0.9044117647058824
1.
1.
1.
1.
1.
1.
-1
0.7144607843137254
0.3730392156862745
1.
1.
1.
1.
1.
1.
-1
0.925
0.16544117647058823
0.957843137254902
1.
1.
1.
1.
1.
-1
0.9985294117647059
0.2791666666666667
0.7740196078431373
0.6816176470588236
0.7571078431372549
0.9980392156862745
1.
1.
-1
1.
0.4987745098039215
0.23088235294117646
0.2549019607843138
0.20906862745098045
0.5801470588235293
0.9985294117647059
1.
-1
1.
0.7262254901960784
0.08088235294117646
0.7102941176470587
0.8936274509803921
0.20000000000000007
0.8004901960784314
1.
-1
1.
0.9590686274509804
0.15171568627450982
0.32990196078431366
0.4818627450980392
0.1730392156862745
0.7749999999999998
1.
-1
1.
1.
0.5215686274509803
0.3485294117647057
0.5691176470588234
0.853921568627451
0.9992647058823529
1.
-1
-2
1.
1.
1.
1.
1.
1.
1.
1.
-1
1.
1.
0.9931372549019608
0.9561274509803921
0.9997549019607843
1.
1.
1.
-1
1.
0.9968137254901961
0.46004901960784317
0.2855392156862746
0.9796568627450981
0.9995098039215686
1.
1.
-1
1.
0.8811274509803922
0.18406862745098043
0.9428921568627452
0.44019607843137254
0.7267156862745098
1.
1.
-1
1.
0.7514705882352941
0.30980392156862746
1.
0.38553921568627453
0.20465686274509803
0.9382352941176471
1.
-1
1.
0.7911764705882353
0.2676470588235294
0.9855392156862746
0.24044117647058827
0.32156862745098036
0.392156862745098
0.9811274509803922
-1
1.
0.9634803921568628
0.19901960784313727
0.30416666666666664
0.3169117647058822
0.9448529411764707
0.4852941176470589
0.9230392156862746
-1
1.
1.
0.8585784313725491
0.7061274509803921
0.9647058823529412
1.
1.
1.
-1
-2
0.9580882352941177
0.3254901960784314
0.9818627450980393
1.
1.
1.
1.
1.
-1
0.968872549019608
0.16862745098039217
0.9259803921568628
1.
1.
1.
1.
1.
-1
0.9997549019607843
0.35318627450980394
0.6781862745098041
1.
1.
1.
1.
1.
-1
1.
0.6740196078431373
0.3345588235294118
0.4848039215686274
0.2840686274509804
0.5127450980392158
0.9865196078431373
1.
-1
1.
0.9414215686274511
0.13210784313725488
0.30514705882352927
0.7656862745098041
0.28014705882352936
0.6485294117647059
1.
-1
1.
1.
0.3921568627450981
0.3443627450980392
0.9997549019607843
0.7485294117647059
0.291421568627451
1.
-1
1.
1.
0.6740196078431373
0.11004901960784313
0.6730392156862746
0.4482843137254902
0.3575980392156862
1.
-1
1.
1.
0.9585784313725491
0.5196078431372549
0.34558823529411753
0.5024509803921569
0.9257352941176471
1.
-1
-2
1.
1.
1.
1.
1.
1.
1.
1.
-1
1.
1.
0.9485294117647058
0.5213235294117647
0.9205882352941177
1.
1.
1.
-1
1.
0.9965686274509804
0.379656862745098
0.43382352941176455
0.5985294117647059
0.7438725490196079
1.
1.
-1
1.
0.8950980392156863
0.1840686274509804
0.9639705882352941
0.48578431372549014
0.30906862745098035
1.
1.
-1
1.
0.7475490196078433
0.26691176470588235
0.5343137254901961
0.15784313725490196
0.2607843137254902
0.9968137254901961
1.
-1
1.
0.800735294117647
0.17941176470588246
0.4529411764705882
0.8428921568627451
0.20024509803921572
0.8176470588235294
1.
-1
1.
0.9985294117647059
0.9813725490196079
1.
1.
0.7850490196078431
0.8698529411764706
1.
-1
1.
1.
1.
1.
1.
1.
1.
1.
-1
-2
1.
0.9458333333333333
0.8933823529411764
1.
1.
1.
1.
1.
-1
1.
0.6629901960784313
0.4700980392156862
1.
1.
1.
1.
1.
-1
1.
0.6973039215686274
0.3948529411764705
0.9990196078431373
0.9975490196078431
1.
1.
1.
-1
1.
0.8289215686274509
0.17622549019607844
0.29068627450980394
0.23529411764705882
0.5049019607843137
0.9723039215686274
1.
-1
1.
0.9426470588235294
0.09975490196078429
0.5833333333333334
0.8580882352941176
0.3379901960784313
0.5477941176470589
1.
-1
1.
0.9950980392156863
0.19485294117647062
0.7176470588235294
1.
0.6137254901960785
0.3659313725490196
1.
-1
1.
0.9465686274509805
0.14509803921568626
0.5066176470588235
0.5715686274509804
0.1823529411764706
0.8122549019607844
1.
-1
1.
0.9938725490196079
0.5455882352941176
0.2977941176470587
0.4357843137254901
0.857843137254902
1.
1.
-1
-2
1.
1.
1.
1.
1.
1.
1.
1.
-1
1.
1.
0.9105392156862745
0.9634803921568628
1.
1.
1.
1.
-1
1.
0.9115196078431372
0.18995098039215685
0.31348039215686274
0.9149509803921569
1.
1.
1.
-1
1.
0.5002450980392157
0.4823529411764705
0.22205882352941184
0.354656862745098
0.9823529411764707
1.
1.
-1
1.
0.28308823529411764
0.7129901960784313
0.19411764705882353
0.25465686274509813
0.450735294117647
0.9818627450980393
1.
-1
1.
0.4519607843137255
0.13553921568627447
0.4781862745098038
0.939950980392157
0.3448529411764706
0.5762254901960784
1.
-1
1.
0.978921568627451
0.8784313725490197
0.9955882352941177
1.
0.9791666666666667
0.9544117647058824
1.
-1
1.
1.
1.
1.
1.
1.
1.
1.
-1
-2
1.
0.9377450980392157
0.850735294117647
1.
1.
1.
1.
1.
-1
1.
0.6995098039215686
0.42794117647058816
1.
1.
1.
1.
1.
-1
1.
0.6941176470588234
0.38823529411764696
0.8590686274509804
0.9745098039215686
1.
1.
1.
-1
1.
0.6767156862745097
0.11029411764705879
0.21911764705882364
0.24583333333333332
0.8642156862745098
1.
1.
-1
1.
0.6387254901960784
0.31004901960784315
0.9941176470588236
0.6227941176470587
0.22965686274509803
0.9762254901960784
1.
-1
1.
0.7068627450980393
0.18455882352941178
0.871078431372549
0.781372549019608
0.1644607843137255
0.9556372549019608
1.
-1
1.
0.9495098039215687
0.43210784313725475
0.21299019607843145
0.21838235294117656
0.707843137254902
1.
1.
-1
1.
1.
1.
0.9916666666666667
0.9892156862745098
1.
1.
1.
-1
-2
1.
1.
1.
1.
1.
1.
1.
1.
-1
1.
1.
0.9705882352941176
0.8110294117647059
0.9899509803921569
1.
1.
1.
-1
1.
0.9985294117647059
0.44803921568627453
0.20710784313725492
0.38406862745098036
0.9899509803921569
1.
1.
-1
1.
0.8441176470588236
0.1848039215686275
0.5345588235294118
0.09215686274509803
0.6470588235294118
1.
1.
-1
1.
0.4732843137254902
0.5482843137254901
0.40661764705882353
0.485049019607843
0.1767156862745098
0.8465686274509805
1.
-1
1.
0.31323529411764717
0.6227941176470588
0.17083333333333334
0.911764705882353
0.6504901960784314
0.22254901960784315
0.9174019607843138
-1
1.
0.42254901960784313
0.13480392156862744
0.5833333333333334
1.
0.9977941176470588
0.4965686274509804
0.44607843137254904
-1
1.
0.9333333333333333
0.8026960784313726
0.9941176470588236
1.
1.
0.8960784313725491
0.23210784313725494
-1
-2
1.
0.9796568627450981
0.9303921568627451
1.
1.
1.
1.
1.
-1
1.
0.7419117647058825
0.3975490196078431
1.
1.
1.
1.
1.
-1
1.
0.7220588235294118
0.3544117647058823
1.
0.9786764705882353
0.9823529411764707
1.
1.
-1
1.
0.7830882352941176
0.28210784313725484
0.634313725490196
0.19656862745098042
0.3056372549019608
0.9840686274509804
1.
-1
1.
0.8495098039215686
0.1276960784313725
0.215686274509804
0.8181372549019608
0.27107843137254906
0.7664215686274511
1.
-1
1.
0.8676470588235294
0.08455882352941174
0.43235294117647055
0.6580882352941176
0.23651960784313728
0.7455882352941174
1.
-1
1.
0.9901960784313726
0.7563725490196079
0.480392156862745
0.4627450980392156
0.6095588235294118
0.9835784313725491
1.
-1
1.
1.
1.
1.
1.
1.
1.
1.
-1
-2
1.
1.
1.
1.
1.
1.
1.
1.
-1
1.
1.
1.
1.
1.
1.
1.
1.
-1
1.
1.
0.8632352941176471
0.8137254901960784
0.9575980392156863
1.
1.
1.
-1
1.
0.8431372549019609
0.17769607843137253
0.26200980392156864
0.2941176470588235
0.9889705882352942
1.
1.
-1
1.
0.4490196078431372
0.5791666666666665
0.8870098039215687
0.10098039215686272
0.6401960784313725
0.9977941176470588
1.
-1
1.
0.4629901960784314
0.3411764705882353
0.47549019607843135
0.19509803921568633
0.21740196078431379
0.44338235294117645
0.9887254901960785
-1
1.
0.9473039215686275
0.6093137254901959
0.5465686274509802
0.8661764705882353
0.9436274509803922
0.6909313725490195
0.9904411764705883
-1
1.
1.
1.
1.
1.
1.
1.
1.
-1
-2
1.
0.9985294117647059
0.9801470588235294
1.
1.
1.
1.
1.
-1
1.
0.8348039215686275
0.35392156862745106
1.
1.
1.
1.
1.
-1
1.
0.6838235294117646
0.4129901960784313
1.
1.
1.
1.
1.
-1
1.
0.6120098039215686
0.4767156862745098
0.8629901960784314
0.6171568627450981
0.6455882352941176
0.9860294117647059
1.
-1
1.
0.5588235294117646
0.23774509803921567
0.17892156862745098
0.4504901960784313
0.2642156862745098
0.6245098039215686
1.
-1
1.
0.5659313725490195
0.11862745098039212
0.8529411764705883
1.
0.6867647058823528
0.3965686274509803
1.
-1
1.
0.5747549019607843
0.17745098039215687
0.7754901960784314
0.8585784313725491
0.3473039215686275
0.5544117647058823
1.
-1
1.
0.9718137254901961
0.6843137254901961
0.2676470588235294
0.23161764705882362
0.5044117647058822
0.9683823529411765
1.
-1
-2
1.
1.
1.
1.
1.
1.
1.
1.
-1
1.
1.
1.
1.
1.
1.
1.
1.
-1
1.
0.9279411764705883
0.4715686274509804
0.31838235294117645
0.9448529411764706
1.
1.
1.
-1
0.9870098039215687
0.2892156862745098
0.4624999999999999
0.36249999999999993
0.27279411764705885
0.991421568627451
1.
1.
-1
0.932843137254902
0.15588235294117647
0.9703431372549021
0.9497549019607844
0.1340686274509804
0.7272058823529411
1.
1.
-1
0.982843137254902
0.2257352941176471
0.579656862745098
0.5938725490196078
0.15416666666666665
0.18529411764705886
0.7573529411764707
0.9936274509803922
-1
1.
0.831372549019608
0.4174019607843136
0.4362745098039215
0.824264705882353
0.7365196078431373
0.24068627450980398
0.7801470588235294
-1
1.
1.
1.
1.
1.
1.
0.9882352941176471
0.995343137254902
-1
-2
0.955392156862745
0.9169117647058824
1.
1.
1.
1.
1.
1.
-1
0.7490196078431373
0.3215686274509804
0.9980392156862745
1.
1.
1.
1.
1.
-1
0.9661764705882353
0.17916666666666667
0.8899509803921569
0.9610294117647059
0.6433823529411765
0.8772058823529412
1.
1.
-1
1.
0.41666666666666663
0.6068627450980391
0.3223039215686274
0.3132352941176469
0.18357843137254903
0.8473039215686274
1.
-1
1.
0.6681372549019607
0.16911764705882354
0.32107843137254893
0.9865196078431373
0.5963235294117647
0.37720588235294117
0.9992647058823529
-1
1.
0.907843137254902
0.09975490196078429
0.6497549019607844
1.
0.9151960784313725
0.16397058823529415
0.9705882352941178
-1
1.
0.9965686274509804
0.30220588235294116
0.5495098039215686
0.5870098039215687
0.31029411764705883
0.3629901960784313
0.9938725490196079
-1
1.
1.
0.9522058823529411
0.7870098039215687
0.46740196078431356
0.6987745098039216
0.9737745098039216
1.
-1
-2
1.
1.
1.
1.
1.
1.
1.
1.
-1
1.
1.
0.9911764705882353
0.8953431372549019
0.9882352941176471
1.
1.
1.
-1
1.
0.9367647058823529
0.32426470588235295
0.12696078431372548
0.6267156862745098
1.
1.
1.
-1
1.
0.5002450980392157
0.43799019607843126
0.653186274509804
0.1450980392156863
0.8916666666666667
1.
1.
-1
0.9845588235294117
0.20490196078431372
0.8568627450980393
0.9681372549019608
0.18553921568627457
0.34264705882352936
0.9855392156862746
1.
-1
0.9583333333333334
0.1544117647058824
0.9475490196078432
1.
0.445343137254902
0.12009803921568626
0.5428921568627451
0.9982843137254902
-1
0.9928921568627451
0.278921568627451
0.6909313725490195
1.
0.44607843137254904
0.5455882352941177
0.2110294117647059
0.678186274509804
-1
1.
0.795343137254902
0.17916666666666667
0.4455882352941176
0.1730392156862745
0.8686274509803923
0.8276960784313726
0.1725490196078431
-1
-2
1.
1.
1.
1.
0.9720588235294118
0.5071078431372549
0.982843137254902
1.
-1
1.
1.
1.
1.
0.8063725490196079
0.25196078431372554
0.996078431372549
1.
-1
1.
1.
1.
1.
0.7240196078431373
0.32107843137254904
0.9264705882352942
0.9997549019607843
-1
1.
1.
1.
1.
0.697549019607843
0.08872549019607841
0.15735294117647058
0.5879901960784314
-1
1.
1.
1.
1.
0.5774509803921568
0.27205882352941174
0.8480392156862745
0.1465686274509804
-1
1.
1.
1.
1.
0.7095588235294117
0.1549019607843137
0.16887254901960785
0.32941176470588224
-1
1.
1.
1.
1.
0.9997549019607843
0.9598039215686275
0.9350490196078431
0.991421568627451
-1
1.
1.
1.
1.
1.
1.
1.
1.
-1
-2
0.7776960784313725
0.3477941176470588
0.8026960784313726
1.
1.
1.
1.
1.
-1
0.18455882352941178
0.25539215686274513
0.33725490196078434
0.9637254901960784
1.
1.
1.
1.
-1
0.17720588235294119
0.8539215686274509
0.1377450980392157
0.36936274509803924
0.9811274509803922
1.
1.
1.
-1
0.3409313725490196
0.41985294117647054
0.34044117647058825
0.11519607843137251
0.5661764705882354
1.
1.
1.
-1
0.9477941176470589
0.517892156862745
0.29705882352941165
0.7004901960784313
0.8622549019607844
1.
1.
1.
-1
1.
1.
1.
1.
1.
1.
1.
1.
-1
1.
1.
1.
1.
1.
1.
1.
1.
-1
1.
1.
1.
1.
1.
1.
1.
1.
-1
-2
1.
1.
1.
1.
1.
1.
1.
1.
-1
0.9686274509803922
0.6318627450980392
0.9946078431372549
1.
1.
1.
1.
1.
-1
0.711764705882353
0.32107843137254893
0.9985294117647059
1.
1.
1.
1.
1.
-1
0.40931372549019607
0.6306372549019608
1.
1.
1.
1.
1.
1.
-1
0.26764705882352946
0.6100490196078431
0.7218137254901962
0.9860294117647059
1.
1.
1.
1.
-1
0.16936274509803922
0.16960784313725497
0.27181372549019606
0.4083333333333333
0.9928921568627451
1.
1.
1.
-1
0.21838235294117653
0.4786764705882352
0.7549019607843137
0.14068627450980392
0.9534313725490198
1.
1.
1.
-1
0.8161764705882354
0.3294117647058822
0.26862745098039215
0.5605392156862744
0.9970588235294118
1.
1.
1.
-1
-2
1.
1.
1.
1.
1.
1.
1.
1.
-1
1.
1.
1.
1.
1.
1.
1.
1.
-1
1.
1.
1.
1.
1.
1.
1.
1.
-1
1.
1.
1.
0.9985294117647059
0.903921568627451
0.7115196078431373
0.878921568627451
1.
-1
1.
1.
0.8629901960784314
0.3590686274509804
0.15759803921568624
0.08063725490196076
0.44632352941176473
1.
-1
1.
0.9997549019607843
0.31176470588235294
0.5610294117647059
0.7877450980392158
0.157843137254902
0.1894607843137255
0.9115196078431373
-1
1.
0.9992647058823529
0.2764705882352942
0.6904411764705883
0.5938725490196078
0.37499999999999994
0.5338235294117647
0.3075980392156863
-1
1.
1.
0.7916666666666667
0.2093137254901962
0.20049019607843147
0.8514705882352942
0.9857843137254902
0.5759803921568627
-1
-2
1.
1.
1.
1.
1.
1.
1.
1.
-1
1.
1.
1.
1.
1.
1.
1.
1.
-1
1.
1.
1.
1.
0.9568627450980391
0.9894607843137255
1.
1.
-1
1.
1.
1.
1.
0.3237745098039216
0.822058823529412
1.
1.
-1
1.
1.
1.
1.
0.23897058823529416
0.8078431372549019
0.970343137254902
1.
-1
1.
1.
1.
1.
0.24191176470588238
0.13602941176470584
0.20024509803921567
0.8328431372549019
-1
1.
1.
1.
0.9968137254901961
0.20710784313725492
0.5877450980392157
0.640686274509804
0.29068627450980394
-1
1.
1.
1.
1.
0.3683823529411764
0.16666666666666669
0.3252450980392157
0.2681372549019608
-1
-2
1.
1.
1.
1.
0.8556372549019607
0.8644607843137255
0.9990196078431373
1.
-1
1.
1.
0.9997549019607843
0.678921568627451
0.1781862745098039
0.17352941176470588
0.7286764705882354
1.
-1
1.
1.
0.8019607843137255
0.18602941176470592
0.8343137254901962
0.5448529411764705
0.24019607843137258
0.9629901960784314
-1
1.
1.
0.48504901960784313
0.5563725490196076
0.8230392156862745
0.22401960784313724
0.24313725490196086
0.40465686274509804
-1
1.
1.
0.6850490196078431
0.1551470588235294
0.18186274509803926
0.6666666666666666
0.9583333333333334
0.5147058823529411
-1
1.
1.
0.9987745098039216
0.9497549019607843
0.9669117647058825
1.
1.
1.
-1
1.
1.
1.
1.
1.
1.
1.
1.
-1
1.
1.
1.
1.
1.
1.
1.
1.
-1
-2
0.8100490196078431
0.736764705882353
1.
1.
1.
1.
1.
1.
-1
0.6889705882352941
0.4034313725490196
1.
1.
1.
1.
1.
1.
-1
0.728921568627451
0.20955882352941177
0.6948529411764706
0.9928921568627451
1.
1.
1.
1.
-1
0.7237745098039217
0.11617647058823527
0.24068627450980398
0.5632352941176471
1.
1.
1.
1.
-1
0.8926470588235295
0.09191176470588232
0.545343137254902
0.25098039215686274
1.
1.
1.
1.
-1
0.996078431372549
0.4080882352941175
0.2899509803921567
0.7176470588235294
1.
1.
1.
1.
-1
1.
1.
1.
1.
1.
1.
1.
1.
-1
1.
1.
1.
1.
1.
1.
1.
1.
-1
-2
1.
1.
1.
1.
1.
1.
1.
1.
-1
1.
1.
1.
1.
1.
1.
1.
1.
-1
1.
1.
0.9950980392156863
0.883578431372549
1.
1.
1.
1.
-1
1.
0.8428921568627451
0.3323529411764706
0.13259803921568625
0.9125
1.
1.
1.
-1
0.9933823529411765
0.31740196078431376
0.6154411764705883
0.3071078431372549
0.5014705882352941
0.9997549019607843
1.
1.
-1
0.8845588235294118
0.18946078431372554
0.9727941176470588
0.6365196078431372
0.10588235294117644
0.7737745098039217
1.
1.
-1
0.8188725490196079
0.20294117647058826
0.9169117647058824
0.6997549019607844
0.16176470588235298
0.21593137254901962
0.9424019607843137
1.
-1
0.991421568627451
0.47696078431372535
0.158578431372549
0.18848039215686282
0.705392156862745
0.4676470588235293
0.4563725490196079
1.
-1
-2
1.
1.
1.
1.
1.
1.
1.
1.
-1
1.
1.
1.
0.9965686274509804
0.9742647058823529
1.
1.
1.
-1
1.
1.
1.
0.600735294117647
0.4264705882352941
1.
1.
1.
-1
1.
1.
0.9063725490196078
0.17107843137254902
0.8732843137254902
1.
1.
1.
-1
1.
1.
0.625
0.4014705882352941
0.9487745098039215
0.9585784313725491
1.
1.
-1
1.
1.
0.4183823529411764
0.12818627450980394
0.14877450980392154
0.16421568627450978
0.8421568627450979
1.
-1
1.
0.9443627450980392
0.1299019607843137
0.3759803921568627
0.7583333333333335
0.28750000000000003
0.6276960784313724
1.
-1
1.
0.6838235294117647
0.18946078431372557
0.35955882352941165
0.26323529411764707
0.49289215686274496
0.9634803921568628
1.
-1
-2
1.
1.
1.
1.
1.
1.
1.
1.
-1
1.
0.9980392156862745
0.8774509803921569
0.5669117647058823
0.9149509803921568
1.
1.
1.
-1
1.
0.6355392156862745
0.23799019607843142
0.24264705882352947
0.6475490196078431
1.
1.
1.
-1
0.9245098039215687
0.1730392156862745
0.8595588235294118
0.4198529411764706
0.3926470588235294
0.9997549019607843
1.
1.
-1
0.7708333333333334
0.28921568627450983
1.
0.4517156862745098
0.12426470588235294
0.8683823529411765
1.
1.
-1
0.7823529411764705
0.27205882352941174
0.8279411764705882
0.19803921568627453
0.4411764705882352
0.27303921568627454
0.9443627450980392
1.
-1
0.9544117647058824
0.22843137254901966
0.18823529411764714
0.6424019607843136
0.9892156862745098
0.46372549019607834
0.37426470588235294
0.9970588235294118
-1
1.
0.9698529411764707
0.9715686274509805
1.
1.
0.9884803921568628
0.8502450980392158
0.9992647058823529
-1
-2
0.9916666666666667
0.5598039215686275
0.9767156862745098
1.
1.
1.
1.
1.
-1
0.9634803921568628
0.1593137254901961
0.942156862745098
1.
1.
1.
1.
1.
-1
0.9367647058823529
0.16666666666666669
0.9220588235294118
0.7107843137254901
0.9357843137254902
1.
1.
1.
-1
0.9149509803921568
0.19436274509803925
0.2823529411764706
0.27377450980392154
0.28137254901960784
0.9825980392156863
1.
1.
-1
0.9156862745098039
0.09289215686274507
0.3534313725490196
0.9838235294117648
0.2884803921568627
0.7328431372549019
1.
1.
-1
0.7926470588235294
0.09215686274509803
0.6977941176470588
0.9161764705882353
0.32450980392156864
0.6058823529411764
1.
1.
-1
0.17671568627450981
0.08235294117647057
0.21102941176470588
0.16887254901960783
0.4639705882352941
0.9625
1.
1.
-1
0.9605392156862745
0.7708333333333334
0.8252450980392159
0.9473039215686275
0.9997549019607843
1.
1.
1.
-1
-2
1.
1.
1.
1.
1.
1.
1.
1.
-1
1.
0.9933823529411765
0.7129901960784314
0.646813725490196
0.8477941176470588
1.
1.
1.
-1
0.9985294117647059
0.5512254901960784
0.2477941176470589
0.3776960784313725
0.4120098039215686
1.
1.
1.
-1
0.8279411764705883
0.19240196078431376
0.9073529411764705
0.7191176470588235
0.12499999999999997
0.9063725490196078
1.
1.
-1
0.47181372549019607
0.5549019607843136
1.
0.8098039215686276
0.08578431372549018
0.5053921568627451
1.
1.
-1
0.25857843137254904
0.8139705882352942
0.9786764705882354
0.3911764705882353
0.40098039215686265
0.1767156862745098
0.9051470588235294
1.
-1
0.3387254901960784
0.5602941176470588
0.35024509803921566
0.35686274509803917
0.9622549019607843
0.5247549019607843
0.38259803921568625
0.9946078431372549
-1
0.8365196078431373
0.29460784313725474
0.5343137254901962
0.9764705882352941
1.
0.9752450980392157
0.7291666666666665
0.995343137254902
-1
-2
1.
1.
0.9563725490196078
0.9916666666666667
1.
1.
1.
1.
-1
1.
1.
0.3987745098039216
0.7588235294117648
1.
1.
1.
1.
-1
1.
1.
0.45906862745098037
0.6517156862745097
1.
1.
1.
1.
-1
1.
1.
0.5044117647058823
0.4142156862745098
0.8174019607843137
1.
1.
1.
-1
1.
1.
0.5512254901960784
0.18676470588235303
0.17671568627450981
0.8063725490196079
1.
1.
-1
1.
1.
0.44779411764705884
0.4289215686274509
0.5995098039215686
0.4107843137254902
1.
1.
-1
1.
1.
0.546813725490196
0.15245098039215688
0.175
0.6147058823529411
1.
1.
-1
1.
1.
0.995343137254902
0.8882352941176471
0.882107843137255
0.996078431372549
1.
1.
-1
-2
1.
0.9948529411764706
0.3509803921568627
0.8723039215686275
1.
1.
1.
1.
-1
1.
0.7884803921568627
0.14852941176470588
0.4598039215686275
1.
1.
1.
1.
-1
0.8899509803921568
0.17720588235294116
0.3284313725490196
0.10759803921568625
0.7629901960784314
1.
1.
1.
-1
0.6
0.44338235294117634
0.7551470588235294
0.15686274509803924
0.18455882352941175
0.8745098039215686
1.
1.
-1
0.608578431372549
0.4066176470588236
0.9267156862745097
0.17083333333333334
0.5857843137254902
0.25073529411764706
0.9416666666666667
1.
-1
0.9291666666666667
0.2095588235294118
0.4068627450980392
0.24044117647058832
0.9818627450980393
0.47058823529411753
0.3529411764705882
0.9784313725490197
-1
1.
0.8818627450980392
0.5313725490196077
0.8524509803921569
1.
0.9762254901960784
0.5490196078431372
0.9465686274509804
-1
1.
1.
1.
1.
1.
1.
1.
1.
-1
-2
1.
0.9963235294117647
0.9007352941176471
0.9997549019607843
1.
1.
1.
1.
-1
1.
0.9325980392156863
0.22622549019607843
0.9889705882352942
1.
1.
1.
1.
-1
1.
0.946813725490196
0.15710784313725493
0.9605392156862745
1.
1.
1.
1.
-1
1.
0.9823529411764707
0.18284313725490198
0.3894607843137255
0.31470588235294117
0.8495098039215687
1.
1.
-1
1.
1.
0.31666666666666665
0.16225490196078432
0.5946078431372548
0.26127450980392153
0.986764705882353
1.
-1
1.
1.
0.629656862745098
0.10637254901960783
0.8409313725490197
0.14975490196078434
0.9580882352941178
1.
-1
1.
1.
0.9186274509803922
0.11274509803921565
0.14877450980392154
0.5360294117647058
0.9990196078431373
1.
-1
1.
1.
1.
0.7044117647058824
0.841421568627451
0.996078431372549
1.
1.
-1
-2
1.
1.
1.
1.
1.
1.
1.
1.
-1
1.
0.9992647058823529
0.9071078431372549
0.7102941176470587
0.9433823529411764
1.
1.
1.
-1
0.9901960784313726
0.5495098039215687
0.16470588235294115
0.08406862745098037
0.7651960784313727
1.
1.
1.
-1
0.661764705882353
0.2698529411764706
0.8995098039215687
0.358578431372549
0.3227941176470588
0.9794117647058824
1.
1.
-1
0.4857843137254902
0.5887254901960784
1.
0.7058823529411765
0.0855392156862745
0.5161764705882352
0.9977941176470588
1.
-1
0.7198529411764706
0.2397058823529412
0.8889705882352941
0.6000000000000001
0.3497549019607843
0.21397058823529416
0.7791666666666668
1.
-1
0.9946078431372549
0.5693627450980392
0.15882352941176467
0.19558823529411773
0.8269607843137257
0.8843137254901962
0.9291666666666668
1.
-1
1.
0.9992647058823529
0.9492647058823529
0.9698529411764707
1.
1.
1.
1.
-1
-2
1.
0.9977941176470588
0.9997549019607843
1.
1.
1.
1.
1.
-1
1.
0.5409313725490197
0.8156862745098039
1.
1.
1.
1.
1.
-1
1.
0.49779411764705883
0.5409313725490196
0.741421568627451
0.7450980392156863
0.9857843137254902
1.
1.
-1
1.
0.6595588235294118
0.10735294117647058
0.2872549019607842
0.25539215686274513
0.5710784313725491
1.
1.
-1
1.
0.8272058823529411
0.0818627450980392
0.8075980392156863
0.7911764705882353
0.27549019607843134
0.9997549019607843
1.
-1
1.
0.9799019607843138
0.1708333333333333
0.6588235294117646
0.8622549019607842
0.20000000000000004
0.9894607843137255
1.
-1
1.
1.
0.46372549019607845
0.1387254901960784
0.16274509803921566
0.5519607843137254
0.9992647058823529
1.
-1
1.
1.
0.9877450980392157
0.9458333333333333
0.9416666666666667
0.9985294117647059
1.
1.
-1
-2
1.
1.
1.
1.
1.
1.
1.
1.
-1
1.
0.9992647058823529
0.8563725490196078
0.7561274509803921
0.9950980392156863
1.
1.
1.
-1
0.9987745098039216
0.6036764705882354
0.18014705882352947
0.2931372549019607
0.649264705882353
1.
1.
1.
-1
0.8889705882352942
0.17401960784313728
0.8865196078431372
0.6191176470588236
0.2906862745098039
0.9987745098039216
1.
1.
-1
0.8892156862745099
0.1720588235294118
0.7473039215686275
0.24509803921568626
0.13382352941176473
0.8700980392156863
1.
1.
-1
0.9990196078431373
0.6401960784313726
0.25024509803921574
0.5901960784313725
0.5174019607843138
0.4387254901960784
0.9975490196078431
1.
-1
1.
1.
0.9982843137254902
1.
0.9375000000000001
0.2595588235294118
0.8781862745098039
1.
-1
1.
1.
1.
1.
1.
0.982107843137255
0.9963235294117647
1.
-1
-2
1.
1.
0.9644607843137255
0.9970588235294118
1.
1.
1.
1.
-1
1.
1.
0.3075980392156863
0.8661764705882353
1.
1.
1.
1.
-1
1.
1.
0.26691176470588235
0.7825980392156863
0.9879901960784314
1.
1.
1.
-1
1.
1.
0.325735294117647
0.16397058823529412
0.25416666666666665
0.7870098039215686
1.
1.
-1
1.
1.
0.4227941176470588
0.35980392156862745
0.7056372549019608
0.17965686274509807
0.8987745098039216
1.
-1
1.
1.
0.49362745098039207
0.2845588235294117
0.7875
0.484313725490196
0.5125
1.
-1
1.
1.
0.6345588235294117
0.16102941176470592
0.21887254901960793
0.15220588235294116
0.6274509803921567
1.
-1
1.
1.
0.9522058823529412
0.7779411764705882
0.9678921568627451
0.8681372549019609
0.9963235294117647
1.
-1
-2
1.
1.
1.
1.
1.
1.
1.
1.
-1
1.
1.
0.9997549019607843
0.9541666666666666
0.9933823529411765
1.
1.
1.
-1
1.
1.
0.6294117647058823
0.17181372549019605
0.525
0.9803921568627452
1.
1.
-1
1.
0.8931372549019607
0.1720588235294118
0.8509803921568627
0.18137254901960786
0.6916666666666667
1.
1.
-1
1.
0.5686274509803921
0.463970588235294
0.8666666666666667
0.1698529411764706
0.23799019607843142
0.9590686274509804
1.
-1
1.
0.4482843137254902
0.41250000000000003
0.18382352941176466
0.6245098039215685
0.4127450980392156
0.4857843137254902
1.
-1
1.
0.7607843137254903
0.3259803921568626
0.7754901960784314
0.9997549019607843
0.9534313725490197
0.7811274509803922
1.
-1
1.
1.
1.
1.
1.
1.
1.
1.
-1
-2
1.
0.9205882352941177
0.8852941176470588
1.
1.
1.
1.
1.
-1
1.
0.6039215686274509
0.49068627450980395
1.
1.
1.
1.
1.
-1
1.
0.6269607843137255
0.36323529411764705
0.6428921568627451
0.9526960784313726
1.
1.
1.
-1
1.
0.6879901960784313
0.0992647058823529
0.3245098039215685
0.3419117647058823
0.991421568627451
1.
1.
-1
1.
0.6931372549019607
0.22058823529411767
0.9767156862745098
0.2149509803921569
0.8254901960784313
1.
1.
-1
1.
0.7916666666666666
0.1379901960784314
0.5936274509803922
0.18333333333333335
0.8252450980392156
1.
1.
-1
1.
0.9985294117647059
0.7095588235294119
0.47475490196078424
0.7127450980392157
0.9985294117647059
1.
1.
-1
1.
1.
1.
1.
1.
1.
1.
1.
-1
-2
1.
1.
1.
1.
1.
1.
1.
1.
-1
1.
1.
0.9683823529411765
0.9919117647058824
1.
1.
1.
1.
-1
1.
0.7683823529411765
0.17034313725490197
0.5948529411764706
1.
1.
1.
1.
-1
0.9556372549019607
0.2105392156862745
0.5100490196078431
0.13848039215686275
0.895343137254902
1.
1.
1.
-1
0.6553921568627451
0.36323529411764693
0.9943627450980392
0.3517156862745098
0.43676470588235294
0.9977941176470588
1.
1.
-1
0.5098039215686274
0.5438725490196077
0.9933823529411765
0.38897058823529407
0.11740196078431371
0.7343137254901961
1.
1.
-1
0.7161764705882353
0.1950980392156863
0.2843137254901961
0.27083333333333337
0.6995098039215686
0.3872549019607843
0.9990196078431373
1.
-1
0.9968137254901961
0.7936274509803921
0.7588235294117647
0.975
0.9997549019607843
0.9848039215686275
1.
1.
-1
-2
1.
0.970343137254902
0.9649509803921569
1.
1.
1.
1.
1.
-1
1.
0.6031862745098038
0.5387254901960784
1.
1.
1.
1.
1.
-1
1.
0.7102941176470589
0.34975490196078424
1.
1.
1.
1.
1.
-1
1.
0.8990196078431373
0.19411764705882353
0.7860294117647059
0.4051470588235294
0.6328431372549019
0.9987745098039216
1.
-1
1.
0.9799019607843138
0.17965686274509807
0.16960784313725488
0.6036764705882351
0.18578431372549023
0.8426470588235294
1.
-1
1.
1.
0.2808823529411765
0.46200980392156854
1.
0.5325980392156863
0.49754901960784315
1.
-1
1.
1.
0.40784313725490196
0.15441176470588236
0.5409313725490197
0.4004901960784314
0.39828431372549006
1.
-1
1.
1.
0.8262254901960784
0.6688725490196077
0.5223039215686274
0.5382352941176469
0.9024509803921569
1.
-1
-2
1.
1.
1.
1.
1.
1.
1.
1.
-1
1.
1.
0.9142156862745099
0.4237745098039216
0.7936274509803922
1.
1.
1.
-1
1.
0.9928921568627451
0.3443627450980392
0.24289215686274515
0.2676470588235294
0.9919117647058824
1.
1.
-1
1.
0.7732843137254902
0.24093137254901967
0.6794117647058822
0.08455882352941174
0.7830882352941176
1.
1.
-1
1.
0.491421568627451
0.5696078431372548
0.5987745098039216
0.18602941176470594
0.3301470588235294
0.9921568627450981
1.
-1
1.
0.353921568627451
0.6571078431372549
0.21519607843137253
0.7362745098039215
0.18627450980392163
0.7897058823529411
1.
-1
1.
0.5071078431372549
0.13186274509803922
0.4921568627450979
0.9968137254901961
0.6174019607843136
0.3735294117647059
0.9985294117647059
-1
1.
0.982843137254902
0.8453431372549021
0.9926470588235294
1.
0.9808823529411765
0.7990196078431374
0.9992647058823529
-1
-2
1.
0.8686274509803922
0.6813725490196079
1.
1.
1.
1.
1.
-1
1.
0.6357843137254902
0.4573529411764706
1.
1.
1.
1.
1.
-1
1.
0.6450980392156863
0.4622549019607842
1.
1.
1.
1.
1.
-1
1.
0.7095588235294117
0.2904411764705882
0.35637254901960785
0.4754901960784314
0.9801470588235295
1.
1.
-1
1.
0.7313725490196079
0.0818627450980392
0.5115196078431371
0.2941176470588235
0.6779411764705884
1.
1.
-1
1.
0.7723039215686274
0.0799019607843137
0.48799019607843136
0.5156862745098039
0.4879901960784314
1.
1.
-1
1.
0.8774509803921569
0.13872549019607844
0.417892156862745
0.15073529411764702
0.6713235294117648
1.
1.
-1
1.
0.9963235294117647
0.8762254901960785
0.9970588235294118
0.9674019607843138
0.9985294117647059
1.
1.
-1
-2
1.
1.
1.
1.
1.
1.
1.
1.
-1
1.
1.
0.9990196078431373
0.9948529411764706
1.
1.
1.
1.
-1
1.
0.9593137254901961
0.4154411764705882
0.47303921568627455
0.8720588235294118
1.
1.
1.
-1
0.9997549019607843
0.4392156862745098
0.4115196078431372
0.5740196078431372
0.2747549019607843
0.9916666666666667
1.
1.
-1
0.9803921568627451
0.1801470588235294
0.8973039215686274
0.7921568627450981
0.08235294117647057
0.7259803921568627
1.
1.
-1
0.9985294117647059
0.3887254901960783
0.2622549019607843
0.17009803921568625
0.4215686274509803
0.18186274509803924
0.8230392156862745
1.
-1
1.
0.9563725490196079
0.7446078431372549
0.9044117647058825
0.9992647058823529
0.7169117647058824
0.6740196078431372
1.
-1
1.
1.
1.
1.
1.
1.
1.
1.
-1
-2